0 0.999996 1.00001
0.000169133 0.999996 1.00001
0.000620758 0.999995 1.00001
0.00120142 0.999993 1.00001
0.00188765 0.999989 1
0.00265014 0.999983 0.999996
0.00352154 0.999975 0.999988
0.00439295 0.999967 0.99998
0.00526436 0.999959 0.999973
0.00613577 0.999953 0.999966
0.00700718 0.999947 0.999961
0.00787859 0.999942 0.999955
0.00875 0.999937 0.99995
0.01 0.999929 0.999943
0.01125 0.999921 0.999935
0.0125 0.999912 0.999926
0.01375 0.999901 0.999915
0.015 0.999888 0.999902
0.01625 0.999874 0.999888
0.0175 0.999858 0.999872
0.0189583 0.999838 0.999852
0.0204167 0.999816 0.99983
0.021875 0.999793 0.999806
0.0233333 0.999767 0.999781
0.0247917 0.999741 0.999754
0.02625 0.999712 0.999726
0.0277083 0.999682 0.999696
0.0291667 0.99965 0.999664
0.030625 0.999617 0.999631
0.0320833 0.999582 0.999596
0.0335417 0.999545 0.999559
0.035 0.999507 0.999521
0.03675 0.999459 0.999473
0.0385 0.999408 0.999422
0.04025 0.999355 0.999369
0.042 0.9993 0.999314
0.04375 0.999242 0.999256
0.0455 0.999182 0.999195
0.04725 0.999119 0.999133
0.049 0.999054 0.999068
0.05075 0.998986 0.999
0.0525 0.998916 0.99893
0.05425 0.998844 0.998858
0.056 0.998769 0.998783
0.05775 0.998693 0.998707
0.0595 0.998613 0.998627
0.06125 0.998532 0.998546
0.063 0.998448 0.998462
0.06475 0.998361 0.998375
0.0665 0.998272 0.998287
0.06825 0.998181 0.998195
0.07 0.998088 0.998102
0.07175 0.997991 0.998006
0.0735 0.997893 0.997907
0.07525 0.997792 0.997806
0.077 0.997688 0.997703
0.07875 0.997583 0.997597
0.0805 0.997475 0.997489
0.08225 0.997364 0.997379
0.084 0.997252 0.997266
0.08575 0.997137 0.997151
0.0875 0.997019 0.997034
0.08925 0.996899 0.996914
0.091 0.996777 0.996791
0.09275 0.996652 0.996666
0.0945 0.996525 0.996539
0.09625 0.996396 0.99641
0.098 0.996264 0.996278
0.09975 0.99613 0.996144
0.1015 0.995994 0.996008
0.10325 0.995855 0.99587
0.105 0.995714 0.995729
0.10675 0.995571 0.995586
0.1085 0.995426 0.99544
0.11025 0.995278 0.995292
0.112 0.995128 0.995142
0.11375 0.994975 0.994989
0.1155 0.99482 0.994834
0.11725 0.994662 0.994676
0.119 0.994502 0.994516
0.12075 0.994339 0.994354
0.1225 0.994175 0.994189
0.12425 0.994009 0.994023
0.126 0.993841 0.993855
0.12775 0.99367 0.993684
0.1295 0.993498 0.993511
0.13125 0.993322 0.993336
0.133 0.993145 0.993159
0.13475 0.992965 0.992979
0.1365 0.992782 0.992796
0.13825 0.992598 0.992611
0.14 0.992411 0.992424
0.14175 0.992221 0.992235
0.1435 0.99203 0.992044
0.14525 0.991836 0.99185
0.147 0.99164 0.991654
0.14875 0.991442 0.991456
0.1505 0.991242 0.991255
0.15225 0.991039 0.991052
0.154 0.990834 0.990847
0.15575 0.990626 0.99064
0.1575 0.990417 0.99043
0.15925 0.990205 0.990218
0.161 0.989991 0.990004
0.16275 0.989774 0.989787
0.1645 0.989555 0.989569
0.16625 0.989334 0.989347
0.168 0.989111 0.989124
0.16975 0.988884 0.988898
0.1715 0.988656 0.988669
0.17325 0.988425 0.988439
0.175 0.988192 0.988206
0.17675 0.987957 0.98797
0.1785 0.987719 0.987732
0.18025 0.987478 0.987492
0.182 0.987236 0.98725
0.18375 0.986991 0.987005
0.1855 0.986744 0.986758
0.18725 0.986494 0.986508
0.189 0.986242 0.986257
0.19075 0.985988 0.986003
0.1925 0.985732 0.985746
0.19425 0.985474 0.985488
0.196 0.985213 0.985227
0.19775 0.98495 0.984964
0.1995 0.984685 0.984699
0.20125 0.984418 0.984432
0.203 0.984148 0.984162
0.20475 0.983876 0.983891
0.2065 0.983602 0.983616
0.20825 0.983326 0.98334
0.21 0.983047 0.983061
0.21175 0.982766 0.98278
0.2135 0.982483 0.982497
0.21525 0.982196 0.98221
0.217 0.981907 0.981921
0.21875 0.981615 0.98163
0.2205 0.981323 0.981337
0.22225 0.981028 0.981042
0.224 0.980732 0.980746
0.22575 0.980434 0.980448
0.2275 0.980134 0.980147
0.22925 0.979831 0.979845
0.231 0.979526 0.97954
0.23275 0.979219 0.979232
0.2345 0.978909 0.978922
0.23625 0.978596 0.97861
0.238 0.978282 0.978295
0.23975 0.977965 0.977978
0.2415 0.977645 0.977659
0.24325 0.977324 0.977338
0.245 0.977001 0.977014
0.24675 0.976675 0.976688
0.2485 0.976346 0.976359
0.25025 0.976014 0.976028
0.252 0.975681 0.975695
0.25375 0.975345 0.975359
0.2555 0.975007 0.975021
0.25725 0.974667 0.974681
0.259 0.974325 0.974339
0.26075 0.97398 0.973994
0.2625 0.973633 0.973648
0.26425 0.973284 0.973299
0.266 0.972933 0.972947
0.26775 0.972579 0.972594
0.2695 0.972223 0.972238
0.27125 0.971865 0.971879
0.273 0.971504 0.971519
0.27475 0.971141 0.971156
0.2765 0.970775 0.97079
0.27825 0.970407 0.970422
0.28 0.970036 0.970051
0.28175 0.969663 0.969677
0.2835 0.969287 0.969301
0.28525 0.96891 0.968924
0.287 0.968532 0.968546
0.28875 0.968152 0.968166
0.2905 0.96777 0.967784
0.29225 0.967386 0.9674
0.294 0.967 0.967014
0.29575 0.966612 0.966626
0.2975 0.966221 0.966235
0.29925 0.965828 0.965841
0.301 0.965432 0.965445
0.30275 0.965034 0.965047
0.3045 0.964633 0.964647
0.30625 0.964231 0.964244
0.308 0.963826 0.96384
0.30975 0.963419 0.963433
0.3115 0.963009 0.963023
0.31325 0.962597 0.962611
0.315 0.962182 0.962197
0.31675 0.961765 0.96178
0.3185 0.961346 0.96136
0.32025 0.960924 0.960939
0.322 0.9605 0.960514
0.32375 0.960073 0.960088
0.3255 0.959644 0.959659
0.32725 0.959213 0.959228
0.329 0.95878 0.958794
0.33075 0.958344 0.958359
0.3325 0.957906 0.95792
0.33425 0.957465 0.957479
0.336 0.957022 0.957036
0.33775 0.956578 0.956592
0.3395 0.956133 0.956147
0.34125 0.955686 0.955701
0.343 0.955238 0.955252
0.34475 0.954787 0.954801
0.3465 0.954333 0.954347
0.34825 0.953877 0.95389
0.35 0.953418 0.953431
0.35175 0.952956 0.95297
0.3535 0.952493 0.952507
0.35525 0.952028 0.952041
0.357 0.95156 0.951573
0.35875 0.951089 0.951104
0.3605 0.950617 0.950631
0.36225 0.950142 0.950156
0.364 0.949664 0.949679
0.36575 0.949184 0.949199
0.3675 0.948701 0.948716
0.36925 0.948217 0.948231
0.371 0.94773 0.947745
0.37275 0.947241 0.947256
0.3745 0.94675 0.946765
0.37625 0.946257 0.946272
0.378 0.945762 0.945776
0.37975 0.945263 0.945278
0.3815 0.944763 0.944777
0.38325 0.94426 0.944275
0.385 0.943757 0.943771
0.38675 0.943251 0.943265
0.3885 0.942743 0.942757
0.39025 0.942233 0.942248
0.392 0.941721 0.941735
0.39375 0.941207 0.941221
0.3955 0.940691 0.940705
0.39725 0.940173 0.940186
0.399 0.939652 0.939666
0.40075 0.939129 0.939143
0.4025 0.938604 0.938618
0.40425 0.938076 0.93809
0.406 0.937545 0.937559
0.40775 0.937011 0.937026
0.4095 0.936476 0.936491
0.41125 0.935938 0.935953
0.413 0.935397 0.935413
0.41475 0.934855 0.93487
0.4165 0.93431 0.934325
0.41825 0.933763 0.933778
0.42 0.933213 0.933228
0.42175 0.932661 0.932676
0.4235 0.932106 0.932121
0.42525 0.931551 0.931565
0.427 0.930994 0.931008
0.42875 0.930436 0.93045
0.4305 0.929876 0.92989
0.43225 0.929314 0.929328
0.434 0.92875 0.928765
0.43575 0.928184 0.928199
0.4375 0.927616 0.92763
0.43925 0.927044 0.927058
0.441 0.926469 0.926484
0.44275 0.925892 0.925907
0.4445 0.925313 0.925328
0.44625 0.924731 0.924746
0.448 0.924146 0.924162
0.44975 0.92356 0.923575
0.4515 0.922971 0.922987
0.45325 0.922381 0.922396
0.455 0.921788 0.921803
0.45675 0.921192 0.921208
0.4585 0.920594 0.920609
0.46025 0.919994 0.920009
0.462 0.919392 0.919407
0.46375 0.91879 0.918805
0.4655 0.918185 0.9182
0.46725 0.917579 0.917594
0.469 0.916971 0.916986
0.47075 0.91636 0.916375
0.4725 0.915747 0.915761
0.47425 0.915131 0.915145
0.476 0.914512 0.914527
0.47775 0.913892 0.913907
0.4795 0.913269 0.913284
0.48125 0.912644 0.91266
0.483 0.912017 0.912033
0.48475 0.911388 0.911403
0.4865 0.910755 0.910771
0.48825 0.91012 0.910136
0.49 0.909483 0.909498
0.49175 0.908843 0.908858
0.4935 0.9082 0.908216
0.49525 0.907556 0.907571
0.497 0.90691 0.906925
0.49875 0.906264 0.906279
0.5005 0.905616 0.90563
0.50225 0.904966 0.90498
0.504 0.904314 0.904329
0.50575 0.90366 0.903674
0.5075 0.903004 0.903018
0.50925 0.902345 0.90236
0.511 0.901685 0.9017
0.51275 0.901022 0.901037
0.5145 0.900356 0.900371
0.51625 0.899687 0.899702
0.518 0.899014 0.89903
0.51975 0.89834 0.898356
0.5215 0.897663 0.897678
0.52325 0.896983 0.896999
0.525 0.896302 0.896318
0.52675 0.895619 0.895634
0.5285 0.894934 0.89495
0.53025 0.894249 0.894264
0.532 0.893562 0.893577
0.53375 0.892873 0.892888
0.5355 0.892183 0.892197
0.53725 0.89149 0.891504
0.539 0.890794 0.890809
0.54075 0.890097 0.890112
0.5425 0.889396 0.889412
0.54425 0.888693 0.888709
0.546 0.887987 0.888003
0.54775 0.887279 0.887295
0.5495 0.886569 0.886585
0.55125 0.885856 0.885872
0.553 0.885142 0.885158
0.55475 0.884425 0.884441
0.5565 0.883705 0.883721
0.55825 0.882983 0.882998
0.56 0.882259 0.882275
0.56175 0.881535 0.88155
0.5635 0.880809 0.880824
0.56525 0.880082 0.880097
0.567 0.879352 0.879367
0.56875 0.878621 0.878636
0.5705 0.877887 0.877903
0.57225 0.877151 0.877167
0.574 0.876413 0.876428
0.57575 0.875671 0.875687
0.5775 0.874927 0.874944
0.57925 0.874181 0.874197
0.581 0.873432 0.873448
0.58275 0.87268 0.872696
0.5845 0.871925 0.871941
0.58625 0.871168 0.871184
0.588 0.870409 0.870425
0.58975 0.86965 0.869666
0.5915 0.868891 0.868906
0.59325 0.86813 0.868145
0.595 0.867368 0.867383
0.59675 0.866603 0.866618
0.5985 0.865835 0.865851
0.60025 0.865066 0.865081
0.602 0.864293 0.864309
0.60375 0.863518 0.863535
0.6055 0.862741 0.862757
0.60725 0.86196 0.861977
0.609 0.861177 0.861194
0.61075 0.860392 0.860409
0.6125 0.859605 0.859621
0.61425 0.858815 0.858831
0.616 0.858025 0.858041
0.61775 0.857233 0.857249
0.6195 0.85644 0.856456
0.62125 0.855646 0.855661
0.623 0.854849 0.854864
0.62475 0.85405 0.854065
0.6265 0.853249 0.853265
0.62825 0.852446 0.852462
0.63 0.851641 0.851657
0.63175 0.850834 0.85085
0.6335 0.850023 0.85004
0.63525 0.84921 0.849227
0.637 0.848394 0.848411
0.63875 0.847576 0.847592
0.6405 0.846755 0.846771
0.64225 0.845932 0.845948
0.644 0.845109 0.845125
0.64575 0.844285 0.8443
0.6475 0.84346 0.843475
0.64925 0.842634 0.842649
0.651 0.841806 0.841821
0.65275 0.840976 0.840992
0.6545 0.840143 0.84016
0.65625 0.839308 0.839324
0.658 0.838469 0.838486
0.65975 0.837628 0.837645
0.6615 0.836784 0.836801
0.66325 0.835938 0.835955
0.665 0.83509 0.835107
0.66675 0.83424 0.834257
0.6685 0.833388 0.833405
0.67025 0.832536 0.832552
0.672 0.831683 0.831699
0.67375 0.830829 0.830845
0.6755 0.829973 0.829989
0.67725 0.829115 0.829131
0.679 0.828254 0.828271
0.68075 0.827391 0.827408
0.6825 0.826525 0.826542
0.68425 0.825658 0.825675
0.686 0.824788 0.824805
0.68775 0.823916 0.823933
0.6895 0.823042 0.823059
0.69125 0.822164 0.822181
0.693 0.821285 0.821302
0.69475 0.820405 0.820422
0.6965 0.819525 0.819541
0.69825 0.818644 0.81866
0.7 0.817762 0.817778
0.70175 0.816878 0.816894
0.7035 0.815992 0.816009
0.70525 0.815104 0.815121
0.707 0.814213 0.814231
0.70875 0.81332 0.813338
0.7105 0.812424 0.812442
0.71225 0.811525 0.811542
0.714 0.810624 0.810641
0.71575 0.80972 0.809737
0.7175 0.808816 0.808832
0.71925 0.807912 0.807928
0.721 0.807007 0.807024
0.72275 0.806102 0.806118
0.7245 0.805194 0.80521
0.72625 0.804285 0.804302
0.728 0.803373 0.803391
0.72975 0.80246 0.802477
0.7315 0.801544 0.801562
0.73325 0.800626 0.800643
0.735 0.799705 0.799723
0.73675 0.798782 0.7988
0.7385 0.797856 0.797873
0.74025 0.796929 0.796946
0.742 0.796002 0.796019
0.74375 0.795074 0.795091
0.7455 0.794146 0.794162
0.74725 0.793217 0.793233
0.749 0.792286 0.792303
0.75075 0.791354 0.791371
0.7525 0.79042 0.790437
0.75425 0.789483 0.789501
0.756 0.788543 0.788561
0.75775 0.787602 0.78762
0.7595 0.786658 0.786676
0.76125 0.785711 0.785729
0.763 0.784763 0.78478
0.76475 0.783815 0.783832
0.7665 0.782866 0.782883
0.76825 0.781918 0.781935
0.77 0.780969 0.780986
0.77175 0.780019 0.780036
0.7735 0.779067 0.779085
0.77525 0.778112 0.77813
0.777 0.777156 0.777174
0.77875 0.776197 0.776215
0.7805 0.775237 0.775255
0.78225 0.774274 0.774292
0.784 0.773308 0.773326
0.78575 0.772342 0.77236
0.7875 0.771376 0.771393
0.78925 0.77041 0.770427
0.791 0.769444 0.769461
0.79275 0.768476 0.768494
0.7945 0.767507 0.767525
0.79625 0.766536 0.766554
0.798 0.765564 0.765583
0.79975 0.764591 0.76461
0.8015 0.763616 0.763635
0.80325 0.762638 0.762657
0.805 0.761658 0.761676
0.80675 0.760675 0.760693
0.8085 0.759691 0.759709
0.81025 0.758709 0.758726
0.812 0.757727 0.757744
0.81375 0.756745 0.756762
0.8155 0.755762 0.75578
0.81725 0.754778 0.754796
0.819 0.753793 0.753812
0.82075 0.752806 0.752825
0.8225 0.751817 0.751836
0.82425 0.750825 0.750844
0.826 0.749831 0.74985
0.82775 0.748835 0.748853
0.8295 0.747839 0.747857
0.83125 0.746844 0.746862
0.833 0.745849 0.745867
0.83475 0.744855 0.744872
0.8365 0.743859 0.743877
0.83825 0.742864 0.742882
0.84 0.741866 0.741885
0.84175 0.740868 0.740887
0.8435 0.739868 0.739887
0.84525 0.738866 0.738885
0.847 0.737863 0.737882
0.84875 0.736858 0.736877
0.8505 0.735852 0.735871
0.85225 0.734847 0.734865
0.854 0.733842 0.73386
0.85575 0.732838 0.732856
0.8575 0.731834 0.731852
0.85925 0.730829 0.730848
0.861 0.729823 0.729842
0.86275 0.728816 0.728835
0.8645 0.727808 0.727828
0.86625 0.726799 0.726819
0.868 0.725789 0.725808
0.86975 0.724776 0.724795
0.8715 0.723761 0.72378
0.87325 0.722748 0.722767
0.875 0.721737 0.721756
0.87675 0.720728 0.720746
0.8785 0.719719 0.719737
0.88025 0.718709 0.718728
0.882 0.717699 0.717718
0.88375 0.716687 0.716707
0.8855 0.715675 0.715695
0.88725 0.714662 0.714682
0.889 0.713647 0.713667
0.89075 0.712631 0.712651
0.8925 0.711614 0.711634
0.89425 0.710599 0.710618
0.896 0.709586 0.709605
0.89775 0.708574 0.708592
0.8995 0.707561 0.70758
0.90125 0.706549 0.706568
0.903 0.705536 0.705556
0.90475 0.704525 0.704545
0.9065 0.703513 0.703533
0.90825 0.702499 0.70252
0.91 0.701485 0.701505
0.91175 0.70047 0.70049
0.9135 0.699454 0.699473
0.91525 0.69844 0.698459
0.917 0.697428 0.697447
0.91875 0.696417 0.696436
0.9205 0.695408 0.695427
0.92225 0.6944 0.694419
0.924 0.693391 0.693411
0.92575 0.692383 0.692404
0.9275 0.691374 0.691395
0.92925 0.690365 0.690386
0.931 0.689356 0.689377
0.93275 0.688348 0.688368
0.9345 0.687339 0.687359
0.93625 0.686332 0.686352
0.938 0.685328 0.685347
0.93975 0.684325 0.684345
0.9415 0.683325 0.683344
0.94325 0.682326 0.682346
0.945 0.681327 0.681347
0.94675 0.680329 0.680349
0.9485 0.67933 0.679351
0.95025 0.678332 0.678353
0.952 0.677334 0.677355
0.95375 0.676336 0.676357
0.9555 0.675338 0.675358
0.95725 0.674342 0.674362
0.959 0.673349 0.673368
0.96075 0.672358 0.672378
0.9625 0.671371 0.671391
0.96425 0.670386 0.670406
0.966 0.669402 0.669423
0.96775 0.66842 0.668441
0.9695 0.667438 0.66746
0.97125 0.666459 0.66648
0.973 0.66548 0.665501
0.97475 0.664501 0.664522
0.9765 0.663523 0.663544
0.97825 0.662546 0.662567
0.98 0.661573 0.661593
0.98175 0.660604 0.660624
0.9835 0.659637 0.659657
0.98525 0.658674 0.658694
0.987 0.657712 0.657733
0.98875 0.656753 0.656774
0.9905 0.655794 0.655816
0.99225 0.654838 0.654859
0.994 0.653882 0.653904
0.99575 0.652928 0.652949
0.9975 0.651975 0.651997
0.99925 0.651024 0.651045
1.001 0.650077 0.650098
1.00275 0.649134 0.649154
1.0045 0.648194 0.648215
1.00625 0.647259 0.64728
1.008 0.646327 0.646347
1.00975 0.645398 0.645419
1.0115 0.644472 0.644493
1.01325 0.643548 0.64357
1.015 0.642626 0.642648
1.01675 0.641706 0.641728
1.0185 0.640788 0.64081
1.02025 0.639873 0.639895
1.022 0.638958 0.63898
1.02375 0.638047 0.638069
1.0255 0.637141 0.637162
1.02725 0.63624 0.636261
1.029 0.635345 0.635366
1.03075 0.634454 0.634475
1.0325 0.633567 0.633588
1.03425 0.632684 0.632705
1.036 0.631803 0.631825
1.03775 0.630925 0.630947
1.0395 0.630049 0.630072
1.04125 0.629177 0.629199
1.043 0.628308 0.62833
1.04475 0.627443 0.627465
1.0465 0.626581 0.626603
1.04825 0.625724 0.625746
1.05 0.624873 0.624895
1.05175 0.624028 0.624049
1.0535 0.623188 0.623209
1.05525 0.622352 0.622373
1.057 0.62152 0.621541
1.05875 0.620692 0.620714
1.0605 0.619868 0.619891
1.06225 0.619048 0.619071
1.064 0.618233 0.618256
1.06575 0.617422 0.617445
1.0675 0.616615 0.616638
1.06925 0.615813 0.615835
1.071 0.615014 0.615036
1.07275 0.614219 0.614241
1.0745 0.61343 0.613452
1.07625 0.612649 0.612671
1.078 0.611874 0.611896
1.07975 0.611107 0.611128
1.0815 0.610344 0.610366
1.08325 0.609588 0.609609
1.085 0.608836 0.608859
1.08675 0.60809 0.608113
1.0885 0.607348 0.607371
1.09025 0.606612 0.606635
1.092 0.605879 0.605903
1.09375 0.605152 0.605175
1.0955 0.604429 0.604453
1.09725 0.603712 0.603735
1.099 0.603 0.603023
1.10075 0.602293 0.602316
1.1025 0.601595 0.601617
1.10425 0.600905 0.600927
1.106 0.600222 0.600244
1.10775 0.599546 0.599568
1.1095 0.598876 0.598898
1.11125 0.598212 0.598234
1.113 0.597555 0.597577
1.11475 0.596903 0.596926
1.1165 0.596258 0.596281
1.11825 0.595619 0.595642
1.12 0.594985 0.595009
1.12175 0.594358 0.594382
1.1235 0.593737 0.593761
1.12525 0.593122 0.593146
1.127 0.592514 0.592538
1.12875 0.591913 0.591937
1.1305 0.59132 0.591344
1.13225 0.590733 0.590757
1.134 0.590153 0.590176
1.13575 0.58958 0.589603
1.1375 0.589016 0.589038
1.13925 0.588459 0.588482
1.141 0.58791 0.587932
1.14275 0.587367 0.58739
1.1445 0.586833 0.586855
1.14625 0.586306 0.586328
1.148 0.585786 0.585809
1.14975 0.585275 0.585297
1.1515 0.584771 0.584794
1.15325 0.584275 0.584298
1.155 0.583786 0.58381
1.15675 0.583304 0.583328
1.1585 0.582829 0.582853
1.16025 0.582361 0.582385
1.162 0.581899 0.581924
1.16375 0.581445 0.58147
1.1655 0.580999 0.581024
1.16725 0.580561 0.580585
1.169 0.58013 0.580155
1.17075 0.579707 0.579732
1.1725 0.579292 0.579317
1.17425 0.578885 0.578909
1.176 0.578485 0.578509
1.17775 0.578093 0.578117
1.1795 0.57771 0.577733
1.18125 0.577335 0.577358
1.183 0.576969 0.576992
1.18475 0.576612 0.576635
1.1865 0.576263 0.576286
1.18825 0.575922 0.575945
1.19 0.57559 0.575613
1.19175 0.575267 0.57529
1.1935 0.574951 0.574974
1.19525 0.574644 0.574667
1.197 0.574345 0.574368
1.19875 0.574054 0.574077
1.2005 0.573771 0.573794
1.20225 0.573496 0.573519
1.204 0.57323 0.573253
1.20575 0.572971 0.572994
1.2075 0.572721 0.572744
1.20925 0.572479 0.572502
1.211 0.572244 0.572268
1.21275 0.572018 0.572042
1.2145 0.5718 0.571824
1.21625 0.57159 0.571614
1.218 0.571389 0.571413
1.21975 0.571196 0.57122
1.2215 0.571012 0.571036
1.22325 0.570835 0.57086
1.225 0.570668 0.570692
1.22675 0.570509 0.570533
1.2285 0.570358 0.570383
1.23025 0.570216 0.570241
1.232 0.570082 0.570107
1.23375 0.569957 0.569981
1.2355 0.56984 0.569865
1.23725 0.569731 0.569756
1.239 0.569631 0.569656
1.24075 0.569539 0.569564
1.2425 0.569456 0.569481
1.24425 0.569381 0.569406
1.246 0.569314 0.569339
1.24775 0.569255 0.56928
1.2495 0.569205 0.56923
1.25125 0.569163 0.569188
1.253 0.569129 0.569154
1.25475 0.569102 0.569127
1.2565 0.569084 0.569109
1.25825 0.569074 0.569099
1.26 0.569072 0.569097
1.26175 0.569078 0.569103
1.2635 0.569091 0.569116
1.26525 0.569112 0.569137
1.267 0.569141 0.569166
1.26875 0.569177 0.569202
1.2705 0.569221 0.569246
1.27225 0.569273 0.569298
1.274 0.569331 0.569356
1.27575 0.569397 0.569422
1.2775 0.56947 0.569495
1.27925 0.56955 0.569575
1.281 0.569637 0.569662
1.28275 0.569732 0.569757
1.2845 0.569833 0.569858
1.28625 0.569941 0.569966
1.288 0.570056 0.570081
1.28975 0.570178 0.570203
1.2915 0.570307 0.570331
1.29325 0.570442 0.570467
1.295 0.570584 0.570609
1.29675 0.570733 0.570757
1.2985 0.570888 0.570912
1.30025 0.571049 0.571074
1.302 0.571218 0.571242
1.30375 0.571392 0.571416
1.3055 0.571573 0.571597
1.30725 0.57176 0.571784
1.309 0.571954 0.571977
1.31075 0.572153 0.572176
1.3125 0.572359 0.572382
1.31425 0.57257 0.572593
1.316 0.572788 0.57281
1.31775 0.573012 0.573034
1.3195 0.573242 0.573264
1.32125 0.573478 0.5735
1.323 0.57372 0.573742
1.32475 0.573968 0.57399
1.3265 0.574221 0.574244
1.32825 0.574481 0.574503
1.33 0.574746 0.574769
1.33175 0.575017 0.57504
1.3335 0.575293 0.575316
1.33525 0.575575 0.575598
1.337 0.575863 0.575886
1.33875 0.576156 0.576179
1.3405 0.576453 0.576477
1.34225 0.576756 0.576779
1.344 0.577064 0.577087
1.34575 0.577377 0.5774
1.3475 0.577694 0.577718
1.34925 0.578017 0.578041
1.351 0.578345 0.578369
1.35275 0.578678 0.578702
1.3545 0.579016 0.579041
1.35625 0.579361 0.579386
1.358 0.579713 0.579737
1.35975 0.58007 0.580094
1.3615 0.580431 0.580456
1.36325 0.580797 0.580822
1.365 0.581167 0.581191
1.36675 0.58154 0.581564
1.3685 0.581916 0.581941
1.37025 0.582297 0.582322
1.372 0.582683 0.582707
1.37375 0.583073 0.583097
1.3755 0.583466 0.58349
1.37725 0.583864 0.583887
1.379 0.584266 0.584289
1.38075 0.584672 0.584695
1.3825 0.585082 0.585104
1.38425 0.585495 0.585518
1.386 0.585914 0.585936
1.38775 0.586336 0.586358
1.3895 0.586761 0.586784
1.39125 0.58719 0.587213
1.393 0.587622 0.587644
1.39475 0.588057 0.588079
1.3965 0.588495 0.588518
1.39825 0.588937 0.58896
1.4 0.589381 0.589405
1.40175 0.58983 0.589853
1.4035 0.590281 0.590305
1.40525 0.590736 0.590759
1.407 0.591194 0.591218
1.40875 0.591657 0.591681
1.4105 0.592123 0.592147
1.41225 0.592593 0.592617
1.414 0.593066 0.59309
1.41575 0.593541 0.593565
1.4175 0.594018 0.594042
1.41925 0.594497 0.594521
1.421 0.594979 0.595003
1.42275 0.595465 0.595488
1.4245 0.595953 0.595976
1.42625 0.596444 0.596467
1.428 0.596937 0.596959
1.42975 0.597431 0.597453
1.4315 0.597928 0.59795
1.43325 0.598428 0.59845
1.435 0.59893 0.598952
1.43675 0.599434 0.599456
1.4385 0.599941 0.599963
1.44025 0.60045 0.600472
1.442 0.600961 0.600983
1.44375 0.601474 0.601497
1.4455 0.60199 0.602013
1.44725 0.602507 0.60253
1.449 0.603026 0.603049
1.45075 0.603546 0.603569
1.4525 0.604069 0.604093
1.45425 0.604595 0.604618
1.456 0.605123 0.605147
1.45775 0.605653 0.605677
1.4595 0.606186 0.606209
1.46125 0.606719 0.606743
1.463 0.607255 0.607278
1.46475 0.607792 0.607814
1.4665 0.608329 0.608351
1.46825 0.608867 0.608889
1.47 0.609406 0.609428
1.47175 0.609947 0.609968
1.4735 0.610489 0.61051
1.47525 0.611032 0.611053
1.477 0.611576 0.611597
1.47875 0.612122 0.612143
1.4805 0.612669 0.612691
1.48225 0.613217 0.613239
1.484 0.613766 0.613788
1.48575 0.614316 0.614338
1.4875 0.614865 0.614888
1.48925 0.615415 0.615438
1.491 0.615967 0.61599
1.49275 0.616521 0.616544
1.4945 0.617078 0.617102
1.49625 0.617639 0.617662
1.498 0.618199 0.618223
1.49975 0.61876 0.618783
1.5015 0.619321 0.619344
1.50325 0.619881 0.619903
1.505 0.62044 0.620462
1.50675 0.621 0.621021
1.5085 0.621561 0.621582
1.51025 0.622122 0.622143
1.512 0.622685 0.622705
1.51375 0.623249 0.62327
1.5155 0.623813 0.623834
1.51725 0.624379 0.6244
1.519 0.624944 0.624966
1.52075 0.62551 0.625532
1.5225 0.626076 0.626097
1.52425 0.626641 0.626663
1.526 0.627206 0.627228
1.52775 0.627772 0.627794
1.5295 0.628337 0.62836
1.53125 0.628905 0.628928
1.533 0.629475 0.629498
1.53475 0.630046 0.630069
1.5365 0.630616 0.630639
1.53825 0.631186 0.631208
1.54 0.631754 0.631776
1.54175 0.632322 0.632344
1.5435 0.632891 0.632913
1.54525 0.63346 0.633482
1.547 0.63403 0.634051
1.54875 0.6346 0.634621
1.5505 0.63517 0.635191
1.55225 0.63574 0.635761
1.554 0.63631 0.636331
1.55575 0.636879 0.6369
1.5575 0.637448 0.637469
1.55925 0.638015 0.638037
1.561 0.638583 0.638605
1.56275 0.639151 0.639172
1.5645 0.639718 0.63974
1.56625 0.640286 0.640308
1.568 0.640853 0.640875
1.56975 0.641422 0.641445
1.5715 0.641991 0.642014
1.57325 0.64256 0.642582
1.575 0.643128 0.64315
1.57675 0.643695 0.643717
1.5785 0.644261 0.644283
1.58025 0.644828 0.644849
1.582 0.645394 0.645415
1.58375 0.645959 0.64598
1.5855 0.646524 0.646544
1.58725 0.647087 0.647107
1.589 0.647651 0.647671
1.59075 0.648214 0.648234
1.5925 0.648778 0.648798
1.59425 0.649341 0.649362
1.596 0.649903 0.649924
1.59775 0.650465 0.650486
1.5995 0.651026 0.651047
1.60125 0.651585 0.651606
1.603 0.652144 0.652165
1.60475 0.6527 0.652722
1.6065 0.653258 0.653279
1.60825 0.653816 0.653838
1.61 0.654375 0.654396
1.61175 0.654932 0.654954
1.6135 0.655489 0.65551
1.61525 0.656045 0.656066
1.617 0.656599 0.65662
1.61875 0.657152 0.657173
1.6205 0.657704 0.657725
1.62225 0.658255 0.658275
1.624 0.658803 0.658823
1.62575 0.659351 0.65937
1.6275 0.659899 0.659919
1.62925 0.660448 0.660468
1.631 0.660997 0.661017
1.63275 0.661543 0.661563
1.6345 0.662088 0.662109
1.63625 0.662632 0.662652
1.638 0.663175 0.663195
1.63975 0.663716 0.663737
1.6415 0.664255 0.664276
1.64325 0.664794 0.664815
1.645 0.665332 0.665353
1.64675 0.665871 0.665893
1.6485 0.666411 0.666433
1.65025 0.66695 0.666972
1.652 0.667488 0.667509
1.65375 0.668023 0.668044
1.6555 0.668557 0.668578
1.65725 0.669089 0.66911
1.659 0.66962 0.66964
1.66075 0.670149 0.670169
1.6625 0.670677 0.670697
1.66425 0.671204 0.671224
1.666 0.67173 0.67175
1.66775 0.672256 0.672275
1.6695 0.67278 0.6728
1.67125 0.673304 0.673324
1.673 0.673825 0.673845
1.67475 0.674344 0.674364
1.6765 0.674862 0.674882
1.67825 0.675379 0.675399
1.68 0.675894 0.675915
1.68175 0.676409 0.676429
1.6835 0.676922 0.676942
1.68525 0.677434 0.677455
1.687 0.677948 0.677969
1.68875 0.678461 0.678482
1.6905 0.678972 0.678993
1.69225 0.679482 0.679503
1.694 0.67999 0.680011
1.69575 0.680496 0.680517
1.6975 0.681 0.681021
1.69925 0.681503 0.681523
1.701 0.682004 0.682025
1.70275 0.682505 0.682525
1.7045 0.683005 0.683025
1.70625 0.683503 0.683523
1.708 0.684001 0.68402
1.70975 0.684497 0.684516
1.7115 0.684992 0.685011
1.71325 0.685485 0.685504
1.715 0.685975 0.685995
1.71675 0.686465 0.686484
1.7185 0.686952 0.686972
1.72025 0.687439 0.687459
1.722 0.687924 0.687944
1.72375 0.688407 0.688427
1.7255 0.688889 0.68891
1.72725 0.68937 0.689391
1.729 0.689849 0.68987
1.73075 0.69033 0.69035
1.7325 0.690809 0.69083
1.73425 0.691287 0.691308
1.736 0.691764 0.691784
1.73775 0.692238 0.692259
1.7395 0.692712 0.692732
1.74125 0.693184 0.693204
1.743 0.693655 0.693675
1.74475 0.694125 0.694145
1.7465 0.694593 0.694613
1.74825 0.695059 0.695079
1.75 0.695524 0.695543
1.75175 0.695986 0.696005
1.7535 0.696448 0.696466
1.75525 0.696908 0.696927
1.757 0.697366 0.697385
1.75875 0.697822 0.697841
1.7605 0.698277 0.698296
1.76225 0.698732 0.698751
1.764 0.699184 0.699204
1.76575 0.699636 0.699655
1.7675 0.700084 0.700104
1.76925 0.700531 0.700551
1.771 0.700976 0.700996
1.77275 0.701419 0.701439
1.7745 0.70186 0.70188
1.77625 0.702301 0.702321
1.778 0.702742 0.702762
1.77975 0.703182 0.703202
1.7815 0.70362 0.70364
1.78325 0.704056 0.704077
1.785 0.704492 0.704512
1.78675 0.704925 0.704945
1.7885 0.705357 0.705377
1.79025 0.705787 0.705807
1.792 0.706215 0.706235
1.79375 0.706642 0.706661
1.7955 0.707067 0.707087
1.79725 0.707491 0.70751
1.799 0.707912 0.707931
1.80075 0.708332 0.708351
1.8025 0.708751 0.708769
1.80425 0.709169 0.709187
1.806 0.709585 0.709603
1.80775 0.71 0.710019
1.8095 0.710414 0.710432
1.81125 0.710826 0.710845
1.813 0.711236 0.711255
1.81475 0.711644 0.711663
1.8165 0.71205 0.712069
1.81825 0.712454 0.712473
1.82 0.712856 0.712875
1.82175 0.713257 0.713276
1.8235 0.713656 0.713676
1.82525 0.714054 0.714074
1.827 0.714451 0.714471
1.82875 0.714848 0.714868
1.8305 0.715244 0.715264
1.83225 0.715637 0.715657
1.834 0.716029 0.716049
1.83575 0.71642 0.71644
1.8375 0.716808 0.716828
1.83925 0.717194 0.717213
1.841 0.717578 0.717598
1.84275 0.717961 0.71798
1.8445 0.718342 0.718361
1.84625 0.718721 0.71874
1.848 0.719098 0.719117
1.84975 0.719473 0.719492
1.8515 0.719847 0.719865
1.85325 0.720219 0.720238
1.855 0.720591 0.720609
1.85675 0.720962 0.72098
1.8585 0.721331 0.721349
1.86025 0.721697 0.721715
1.862 0.722063 0.722081
1.86375 0.722426 0.722444
1.8655 0.722788 0.722806
1.86725 0.723148 0.723166
1.869 0.723506 0.723524
1.87075 0.723862 0.72388
1.8725 0.724216 0.724235
1.87425 0.724569 0.724588
1.876 0.72492 0.724939
1.87775 0.72527 0.725289
1.8795 0.725619 0.725638
1.88125 0.725966 0.725985
1.883 0.726311 0.72633
1.88475 0.726654 0.726673
1.8865 0.726997 0.727016
1.88825 0.727339 0.727358
1.89 0.727679 0.727699
1.89175 0.728018 0.728038
1.8935 0.728355 0.728374
1.89525 0.728689 0.728709
1.897 0.729022 0.729041
1.89875 0.729353 0.729372
1.9005 0.729682 0.729701
1.90225 0.730009 0.730028
1.904 0.730335 0.730354
1.90575 0.73066 0.730679
1.9075 0.730983 0.731002
1.90925 0.731304 0.731323
1.911 0.731624 0.731643
1.91275 0.731942 0.73196
1.9145 0.732258 0.732277
1.91625 0.732573 0.732591
1.918 0.732886 0.732904
1.91975 0.733198 0.733215
1.9215 0.733508 0.733526
1.92325 0.733816 0.733833
1.925 0.734122 0.73414
1.92675 0.734427 0.734445
1.9285 0.734729 0.734747
1.93025 0.73503 0.735049
1.932 0.735329 0.735347
1.93375 0.735626 0.735644
1.9355 0.735921 0.73594
1.93725 0.736215 0.736234
1.939 0.736507 0.736526
1.94075 0.736799 0.736817
1.9425 0.737089 0.737108
1.94425 0.737378 0.737396
1.946 0.737664 0.737683
1.94775 0.737949 0.737968
1.9495 0.738232 0.738251
1.95125 0.738514 0.738533
1.953 0.738794 0.738813
1.95475 0.739073 0.739092
1.9565 0.739352 0.739371
1.95825 0.739629 0.739648
1.96 0.739905 0.739924
1.96175 0.740179 0.740198
1.9635 0.740451 0.74047
1.96525 0.740721 0.74074
1.967 0.74099 0.741009
1.96875 0.741256 0.741275
1.9705 0.741521 0.74154
1.97225 0.741784 0.741803
1.974 0.742045 0.742064
1.97575 0.742306 0.742324
1.9775 0.742564 0.742583
1.97925 0.742821 0.74284
1.981 0.743077 0.743095
1.98275 0.743331 0.743349
1.9845 0.743583 0.743601
1.98625 0.743833 0.743851
1.988 0.744082 0.7441
1.98975 0.744329 0.744346
1.9915 0.744574 0.744591
1.99325 0.744817 0.744835
1.995 0.74506 0.745077
1.99675 0.745301 0.745318
1.9985 0.74554 0.745557
2.00025 0.745777 0.745795
2.002 0.746013 0.746031
2.00375 0.746247 0.746265
2.0055 0.74648 0.746498
2.00725 0.746711 0.746729
2.009 0.746941 0.746958
2.01075 0.747169 0.747187
2.0125 0.747395 0.747413
2.01425 0.74762 0.747638
2.016 0.747843 0.747861
2.01775 0.748064 0.748082
2.0195 0.748284 0.748302
2.02125 0.748502 0.74852
2.023 0.748718 0.748736
2.02475 0.748933 0.748951
2.0265 0.749146 0.749165
2.02825 0.749358 0.749377
2.03 0.749569 0.749587
2.03175 0.749777 0.749796
2.0335 0.749984 0.750002
2.03525 0.750189 0.750208
2.037 0.750392 0.750411
2.03875 0.750594 0.750613
2.0405 0.750794 0.750813
2.04225 0.750993 0.751012
2.044 0.751191 0.75121
2.04575 0.751389 0.751407
2.0475 0.751585 0.751603
2.04925 0.751779 0.751798
2.051 0.751972 0.751991
2.05275 0.752163 0.752182
2.0545 0.752353 0.752372
2.05625 0.752541 0.75256
2.058 0.752727 0.752746
2.05975 0.752912 0.752931
2.0615 0.753096 0.753114
2.06325 0.753277 0.753296
2.065 0.753457 0.753476
2.06675 0.753636 0.753654
2.0685 0.753813 0.753832
2.07025 0.753989 0.754007
2.072 0.754163 0.754181
2.07375 0.754335 0.754354
2.0755 0.754507 0.754525
2.07725 0.754677 0.754695
2.079 0.754845 0.754864
2.08075 0.755012 0.75503
2.0825 0.755177 0.755195
2.08425 0.75534 0.755358
2.086 0.755502 0.75552
2.08775 0.755662 0.75568
2.0895 0.755821 0.755839
2.09125 0.755978 0.755996
2.093 0.756133 0.756151
2.09475 0.756287 0.756305
2.0965 0.75644 0.756458
2.09825 0.756591 0.756609
2.1 0.75674 0.756758
2.10175 0.756888 0.756906
2.1035 0.757035 0.757052
2.10525 0.75718 0.757197
2.107 0.757324 0.757341
2.10875 0.757466 0.757483
2.1105 0.757607 0.757624
2.11225 0.757746 0.757763
2.114 0.757884 0.757901
2.11575 0.75802 0.758037
2.1175 0.758155 0.758172
2.11925 0.758288 0.758305
2.121 0.75842 0.758437
2.12275 0.758551 0.758568
2.1245 0.75868 0.758697
2.12625 0.758807 0.758825
2.128 0.758934 0.758951
2.12975 0.759058 0.759075
2.1315 0.759181 0.759198
2.13325 0.759302 0.75932
2.135 0.759423 0.75944
2.13675 0.759541 0.759559
2.1385 0.759658 0.759676
2.14025 0.759774 0.759792
2.142 0.759888 0.759906
2.14375 0.760001 0.760019
2.1455 0.760112 0.76013
2.14725 0.760223 0.76024
2.149 0.760331 0.760349
2.15075 0.760439 0.760457
2.1525 0.760544 0.760562
2.15425 0.760649 0.760667
2.156 0.760752 0.760769
2.15775 0.760853 0.760871
2.1595 0.760953 0.760971
2.16125 0.761051 0.761069
2.163 0.761148 0.761166
2.16475 0.761244 0.761262
2.1665 0.761338 0.761356
2.16825 0.76143 0.761448
2.17 0.761521 0.761539
2.17175 0.761611 0.761629
2.1735 0.761699 0.761717
2.17525 0.761786 0.761804
2.177 0.761871 0.761889
2.17875 0.761955 0.761973
2.1805 0.762037 0.762056
2.18225 0.762118 0.762137
2.184 0.762198 0.762216
2.18575 0.762276 0.762295
2.1875 0.762354 0.762372
2.18925 0.762429 0.762447
2.191 0.762503 0.762522
2.19275 0.762576 0.762594
2.1945 0.762647 0.762666
2.19625 0.762718 0.762736
2.198 0.762786 0.762805
2.19975 0.762854 0.762872
2.2015 0.76292 0.762938
2.20325 0.762984 0.763002
2.205 0.763047 0.763066
2.20675 0.763109 0.763128
2.2085 0.76317 0.763188
2.21025 0.76323 0.763248
2.212 0.763289 0.763307
2.21375 0.763346 0.763365
2.2155 0.763402 0.763421
2.21725 0.763457 0.763475
2.219 0.76351 0.763529
2.22075 0.763562 0.76358
2.2225 0.763612 0.76363
2.22425 0.76366 0.763679
2.226 0.763707 0.763726
2.22775 0.763753 0.763771
2.2295 0.763797 0.763816
2.23125 0.76384 0.763859
2.233 0.763882 0.7639
2.23475 0.763922 0.763941
2.2365 0.763961 0.76398
2.23825 0.763999 0.764018
2.24 0.764036 0.764054
2.24175 0.764071 0.764089
2.2435 0.764104 0.764123
2.24525 0.764137 0.764155
2.247 0.764168 0.764186
2.24875 0.764197 0.764216
2.2505 0.764226 0.764245
2.25225 0.764253 0.764272
2.254 0.764279 0.764298
2.25575 0.764304 0.764322
2.2575 0.764327 0.764346
2.25925 0.764349 0.764368
2.261 0.76437 0.764388
2.26275 0.764389 0.764408
2.2645 0.764407 0.764426
2.26625 0.764424 0.764443
2.268 0.76444 0.764458
2.26975 0.764454 0.764472
2.2715 0.764467 0.764485
2.27325 0.764478 0.764497
2.275 0.764489 0.764507
2.27675 0.764498 0.764516
2.2785 0.764506 0.764524
2.28025 0.764512 0.764531
2.282 0.764517 0.764536
2.28375 0.764521 0.76454
2.2855 0.764524 0.764542
2.28725 0.764525 0.764544
2.289 0.764525 0.764544
2.29075 0.764524 0.764543
2.2925 0.764522 0.76454
2.29425 0.764518 0.764536
2.296 0.764513 0.764532
2.29775 0.764507 0.764525
2.2995 0.764499 0.764518
2.30125 0.764491 0.764509
2.303 0.764481 0.764499
2.30475 0.76447 0.764488
2.3065 0.764457 0.764476
2.30825 0.764444 0.764462
2.31 0.764429 0.764447
2.31175 0.764413 0.764431
2.3135 0.764395 0.764414
2.31525 0.764377 0.764396
2.317 0.764357 0.764376
2.31875 0.764336 0.764355
2.3205 0.764314 0.764332
2.32225 0.76429 0.764309
2.324 0.764266 0.764284
2.32575 0.76424 0.764258
2.3275 0.764212 0.764231
2.32925 0.764184 0.764203
2.331 0.764154 0.764173
2.33275 0.764123 0.764142
2.3345 0.764091 0.76411
2.33625 0.764058 0.764076
2.338 0.764023 0.764042
2.33975 0.763987 0.764006
2.3415 0.76395 0.763969
2.34325 0.763912 0.763931
2.345 0.763873 0.763891
2.34675 0.763832 0.763851
2.3485 0.763791 0.763809
2.35025 0.763748 0.763766
2.352 0.763704 0.763722
2.35375 0.763658 0.763677
2.3555 0.763612 0.763631
2.35725 0.763565 0.763583
2.359 0.763516 0.763534
2.36075 0.763466 0.763484
2.3625 0.763414 0.763433
2.36425 0.763361 0.76338
2.366 0.763307 0.763326
2.36775 0.763252 0.763271
2.3695 0.763197 0.763215
2.37125 0.76314 0.763158
2.373 0.763082 0.7631
2.37475 0.763022 0.763041
2.3765 0.762962 0.76298
2.37825 0.7629 0.762919
2.38 0.762837 0.762856
2.38175 0.762773 0.762791
2.3835 0.762707 0.762726
2.38525 0.762641 0.76266
2.387 0.762574 0.762592
2.38875 0.762504 0.762523
2.3905 0.762434 0.762452
2.39225 0.762363 0.762381
2.394 0.762291 0.762309
2.39575 0.762218 0.762236
2.3975 0.762145 0.762163
2.39925 0.76207 0.762089
2.401 0.761995 0.762013
2.40275 0.761918 0.761937
2.4045 0.761841 0.761859
2.40625 0.761762 0.76178
2.408 0.761682 0.7617
2.40975 0.761601 0.761619
2.4115 0.761519 0.761537
2.41325 0.761436 0.761454
2.415 0.761352 0.76137
2.41675 0.761267 0.761285
2.4185 0.761181 0.761199
2.42025 0.761094 0.761112
2.422 0.761006 0.761024
2.42375 0.760917 0.760935
2.4255 0.760826 0.760844
2.42725 0.760735 0.760753
2.429 0.760643 0.760661
2.43075 0.76055 0.760568
2.4325 0.760456 0.760474
2.43425 0.760361 0.760379
2.436 0.760265 0.760282
2.43775 0.760168 0.760185
2.4395 0.760069 0.760087
2.44125 0.75997 0.759987
2.443 0.759869 0.759887
2.44475 0.759768 0.759785
2.4465 0.759665 0.759682
2.44825 0.759561 0.759579
2.45 0.759456 0.759474
2.45175 0.759351 0.759368
2.4535 0.759244 0.759261
2.45525 0.759136 0.759153
2.457 0.759027 0.759044
2.45875 0.758917 0.758934
2.4605 0.758806 0.758823
2.46225 0.758694 0.758711
2.464 0.758581 0.758598
2.46575 0.758467 0.758484
2.4675 0.758352 0.758369
2.46925 0.758235 0.758253
2.471 0.758118 0.758135
2.47275 0.758 0.758017
2.4745 0.757881 0.757898
2.47625 0.75776 0.757777
2.478 0.757639 0.757656
2.47975 0.757517 0.757534
2.4815 0.757394 0.757411
2.48325 0.757269 0.757286
2.485 0.757144 0.757161
2.48675 0.757018 0.757035
2.4885 0.756891 0.756909
2.49025 0.756764 0.756781
2.492 0.756635 0.756652
2.49375 0.756505 0.756522
2.4955 0.756374 0.756391
2.49725 0.756242 0.75626
2.499 0.756109 0.756127
2.50075 0.755976 0.755993
2.5025 0.755841 0.755859
2.50425 0.755706 0.755723
2.506 0.755569 0.755587
2.50775 0.755432 0.75545
2.5095 0.755294 0.755312
2.51125 0.755155 0.755173
2.513 0.755015 0.755033
2.51475 0.754874 0.754892
2.5165 0.754732 0.754751
2.51825 0.75459 0.754608
2.52 0.754446 0.754465
2.52175 0.754302 0.75432
2.5235 0.754157 0.754175
2.52525 0.754011 0.754029
2.527 0.753864 0.753883
2.52875 0.753717 0.753735
2.5305 0.753568 0.753587
2.53225 0.753419 0.753438
2.534 0.753269 0.753287
2.53575 0.753117 0.753136
2.5375 0.752966 0.752984
2.53925 0.752813 0.752832
2.541 0.75266 0.752678
2.54275 0.752505 0.752524
2.5445 0.75235 0.752369
2.54625 0.752194 0.752213
2.548 0.752037 0.752056
2.54975 0.751879 0.751897
2.5515 0.75172 0.751738
2.55325 0.75156 0.751579
2.555 0.751399 0.751418
2.55675 0.751238 0.751256
2.5585 0.751075 0.751094
2.56025 0.750913 0.750931
2.562 0.750749 0.750768
2.56375 0.750585 0.750603
2.5655 0.75042 0.750438
2.56725 0.750253 0.750272
2.569 0.750085 0.750104
2.57075 0.749917 0.749936
2.5725 0.749749 0.749768
2.57425 0.749581 0.749599
2.576 0.749412 0.74943
2.57775 0.749243 0.749261
2.5795 0.749073 0.749091
2.58125 0.748903 0.748921
2.583 0.748731 0.74875
2.58475 0.748559 0.748578
2.5865 0.748386 0.748405
2.58825 0.748213 0.748231
2.59 0.748038 0.748056
2.59175 0.747863 0.747881
2.5935 0.747687 0.747705
2.59525 0.74751 0.747528
2.597 0.747332 0.74735
2.59875 0.747154 0.747172
2.6005 0.746975 0.746993
2.60225 0.746795 0.746813
2.604 0.746614 0.746632
2.60575 0.746433 0.746451
2.6075 0.746251 0.746269
2.60925 0.746068 0.746086
2.611 0.745885 0.745902
2.61275 0.745701 0.745718
2.6145 0.745516 0.745533
2.61625 0.745331 0.745348
2.618 0.745144 0.745162
2.61975 0.744958 0.744975
2.6215 0.744771 0.744788
2.62325 0.744583 0.744601
2.625 0.744395 0.744413
2.62675 0.744206 0.744224
2.6285 0.744017 0.744035
2.63025 0.743827 0.743844
2.632 0.743635 0.743654
2.63375 0.743444 0.743462
2.6355 0.743252 0.74327
2.63725 0.743059 0.743077
2.639 0.742865 0.742883
2.64075 0.742671 0.742689
2.6425 0.742475 0.742494
2.64425 0.74228 0.742298
2.646 0.742083 0.742102
2.64775 0.741887 0.741905
2.6495 0.741689 0.741708
2.65125 0.741491 0.74151
2.653 0.741293 0.741312
2.65475 0.741095 0.741114
2.6565 0.740896 0.740915
2.65825 0.740696 0.740715
2.66 0.740496 0.740515
2.66175 0.740295 0.740314
2.6635 0.740094 0.740113
2.66525 0.739892 0.739911
2.667 0.739689 0.739708
2.66875 0.739486 0.739505
2.6705 0.739282 0.739302
2.67225 0.739078 0.739097
2.674 0.738873 0.738892
2.67575 0.738668 0.738687
2.6775 0.738462 0.738481
2.67925 0.738255 0.738274
2.681 0.738048 0.738067
2.68275 0.73784 0.737859
2.6845 0.737631 0.73765
2.68625 0.737422 0.737441
2.688 0.737214 0.737233
2.68975 0.737005 0.737024
2.6915 0.736797 0.736815
2.69325 0.736588 0.736607
2.695 0.736379 0.736397
2.69675 0.736169 0.736188
2.6985 0.735959 0.735978
2.70025 0.735748 0.735767
2.702 0.735537 0.735556
2.70375 0.735326 0.735344
2.7055 0.735114 0.735132
2.70725 0.734901 0.73492
2.709 0.734689 0.734707
2.71075 0.734476 0.734494
2.7125 0.734263 0.734281
2.71425 0.734049 0.734067
2.716 0.733835 0.733853
2.71775 0.733621 0.733639
2.7195 0.733406 0.733424
2.72125 0.733191 0.733209
2.723 0.732976 0.732993
2.72475 0.73276 0.732778
2.7265 0.732544 0.732562
2.72825 0.732327 0.732345
2.73 0.73211 0.732128
2.73175 0.731893 0.731911
2.7335 0.731675 0.731693
2.73525 0.731456 0.731474
2.737 0.731237 0.731255
2.73875 0.731017 0.731036
2.7405 0.730798 0.730816
2.74225 0.730577 0.730596
2.744 0.730357 0.730376
2.74575 0.730136 0.730155
2.7475 0.729914 0.729934
2.74925 0.729693 0.729712
2.751 0.729471 0.72949
2.75275 0.729249 0.729269
2.7545 0.729027 0.729046
2.75625 0.728805 0.728824
2.758 0.728582 0.728601
2.75975 0.728359 0.728378
2.7615 0.728135 0.728155
2.76325 0.727912 0.727931
2.765 0.727688 0.727707
2.76675 0.727464 0.727483
2.7685 0.727239 0.727259
2.77025 0.727014 0.727034
2.772 0.726789 0.726809
2.77375 0.726564 0.726584
2.7755 0.726339 0.726358
2.77725 0.726113 0.726132
2.779 0.725887 0.725906
2.78075 0.72566 0.72568
2.7825 0.725433 0.725452
2.78425 0.725206 0.725225
2.786 0.724979 0.724998
2.78775 0.724753 0.724772
2.7895 0.724527 0.724546
2.79125 0.724302 0.724321
2.793 0.724076 0.724095
2.79475 0.723851 0.723869
2.7965 0.723625 0.723643
2.79825 0.723399 0.723417
2.8 0.723172 0.723191
2.80175 0.722946 0.722965
2.8035 0.722719 0.722738
2.80525 0.722493 0.722511
2.807 0.722266 0.722284
2.80875 0.722039 0.722057
2.8105 0.721812 0.72183
2.81225 0.721585 0.721603
2.814 0.721358 0.721376
2.81575 0.721131 0.721149
2.8175 0.720903 0.720921
2.81925 0.720676 0.720694
2.821 0.720448 0.720466
2.82275 0.72022 0.720238
2.8245 0.719992 0.720011
2.82625 0.719764 0.719782
2.828 0.719536 0.719554
2.82975 0.719308 0.719326
2.8315 0.719079 0.719097
2.83325 0.71885 0.718869
2.835 0.718621 0.71864
2.83675 0.718392 0.718411
2.8385 0.718163 0.718182
2.84025 0.717935 0.717954
2.842 0.717706 0.717726
2.84375 0.717478 0.717498
2.8455 0.71725 0.71727
2.84725 0.717022 0.717042
2.849 0.716794 0.716814
2.85075 0.716567 0.716586
2.8525 0.716339 0.716359
2.85425 0.716111 0.716131
2.856 0.715883 0.715903
2.85775 0.715655 0.715675
2.8595 0.715427 0.715447
2.86125 0.715199 0.715219
2.863 0.714971 0.714991
2.86475 0.714743 0.714763
2.8665 0.714515 0.714535
2.86825 0.714287 0.714307
2.87 0.714059 0.714079
2.87175 0.713831 0.713851
2.8735 0.713603 0.713623
2.87525 0.713375 0.713395
2.877 0.713146 0.713166
2.87875 0.712918 0.712938
2.8805 0.712691 0.71271
2.88225 0.712464 0.712484
2.884 0.712238 0.712258
2.88575 0.712013 0.712032
2.8875 0.711787 0.711806
2.88925 0.711562 0.711581
2.891 0.711337 0.711356
2.89275 0.711112 0.711131
2.8945 0.710887 0.710906
2.89625 0.710663 0.710682
2.898 0.710439 0.710457
2.89975 0.710215 0.710233
2.9015 0.709991 0.71001
2.90325 0.709767 0.709786
2.905 0.709544 0.709563
2.90675 0.709321 0.709339
2.9085 0.709098 0.709116
2.91025 0.708875 0.708894
2.912 0.708653 0.708671
2.91375 0.708431 0.708449
2.9155 0.708208 0.708227
2.91725 0.707986 0.708005
2.919 0.707765 0.707783
2.92075 0.707544 0.707562
2.9225 0.707322 0.707341
2.92425 0.707101 0.70712
2.926 0.706881 0.706899
2.92775 0.70666 0.706679
2.9295 0.70644 0.706459
2.93125 0.70622 0.706239
2.933 0.706 0.706019
2.93475 0.70578 0.7058
2.9365 0.705561 0.70558
2.93825 0.705342 0.705362
2.94 0.705123 0.705143
2.94175 0.704905 0.704924
2.9435 0.704686 0.704706
2.94525 0.704468 0.704488
2.947 0.704251 0.704271
2.94875 0.704033 0.704053
2.9505 0.703816 0.703836
2.95225 0.703599 0.70362
2.954 0.703383 0.703403
2.95575 0.703167 0.703187
2.9575 0.702952 0.702972
2.95925 0.702736 0.702757
2.961 0.702521 0.702542
2.96275 0.702307 0.702327
2.9645 0.702093 0.702113
2.96625 0.701879 0.701899
2.968 0.701666 0.701686
2.96975 0.701453 0.701473
2.9715 0.701241 0.701261
2.97325 0.701028 0.701048
2.975 0.700816 0.700836
2.97675 0.700605 0.700625
2.9785 0.700394 0.700414
2.98025 0.700185 0.700205
2.982 0.699977 0.699997
2.98375 0.69977 0.699789
2.9855 0.699563 0.699582
2.98725 0.699356 0.699376
2.989 0.69915 0.69917
2.99075 0.698945 0.698964
2.9925 0.69874 0.698759
2.99425 0.698536 0.698555
2.996 0.698331 0.698351
2.99775 0.698128 0.698147
2.9995 0.697925 0.697944
3.00125 0.697722 0.697741
3.003 0.69752 0.697539
3.00475 0.697319 0.697338
3.0065 0.697118 0.697136
3.00825 0.696917 0.696936
3.01 0.696717 0.696736
3.01175 0.696518 0.696537
3.0135 0.696319 0.696338
3.01525 0.696121 0.69614
3.017 0.695924 0.695942
3.01875 0.695727 0.695745
3.0205 0.69553 0.695549
3.02225 0.695334 0.695353
3.024 0.695139 0.695158
3.02575 0.694944 0.694963
3.0275 0.694749 0.694768
3.02925 0.694555 0.694574
3.031 0.694361 0.694381
3.03275 0.694168 0.694188
3.0345 0.693976 0.693996
3.03625 0.693785 0.693804
3.038 0.693593 0.693613
3.03975 0.693403 0.693423
3.0415 0.693213 0.693233
3.04325 0.693024 0.693044
3.045 0.692835 0.692856
3.04675 0.692648 0.692668
3.0485 0.69246 0.692481
3.05025 0.692274 0.692294
3.052 0.692088 0.692109
3.05375 0.691903 0.691924
3.0555 0.691719 0.691739
3.05725 0.691535 0.691556
3.059 0.691353 0.691374
3.06075 0.69117 0.69119
3.0625 0.690989 0.691009
3.06425 0.690808 0.690829
3.066 0.690628 0.690649
3.06775 0.690449 0.69047
3.0695 0.690271 0.690292
3.07125 0.690093 0.690114
3.073 0.689916 0.689937
3.07475 0.68974 0.68976
3.0765 0.689564 0.689585
3.07825 0.68939 0.68941
3.08 0.689216 0.689236
3.08175 0.689042 0.689063
3.0835 0.688869 0.68889
3.08525 0.688696 0.688716
3.087 0.688523 0.688544
3.08875 0.688352 0.688373
3.0905 0.688183 0.688203
3.09225 0.688014 0.688035
3.094 0.687847 0.687867
3.09575 0.687681 0.687701
3.0975 0.687516 0.687536
3.09925 0.687351 0.687371
3.101 0.687187 0.687207
3.10275 0.687024 0.687043
3.1045 0.686861 0.686881
3.10625 0.686699 0.686719
3.108 0.686538 0.686558
3.10975 0.686378 0.686398
3.1115 0.686219 0.686238
3.11325 0.68606 0.68608
3.115 0.685902 0.685922
3.11675 0.685746 0.685765
3.1185 0.68559 0.685609
3.12025 0.685434 0.685454
3.122 0.68528 0.6853
3.12375 0.685127 0.685146
3.1255 0.684975 0.684994
3.12725 0.684823 0.684843
3.129 0.684673 0.684692
3.13075 0.684523 0.684542
3.1325 0.684374 0.684393
3.13425 0.684226 0.684245
3.136 0.684079 0.684098
3.13775 0.683933 0.683952
3.1395 0.683787 0.683806
3.14125 0.683643 0.683662
3.143 0.683499 0.683518
3.14475 0.683356 0.683375
3.1465 0.683214 0.683233
3.14825 0.683074 0.683093
3.15 0.682933 0.682953
3.15175 0.682794 0.682813
3.1535 0.682655 0.682675
3.15525 0.682518 0.682537
3.157 0.682381 0.6824
3.15875 0.682244 0.682264
3.1605 0.682109 0.682129
3.16225 0.681975 0.681995
3.164 0.681841 0.681861
3.16575 0.681709 0.681729
3.1675 0.681577 0.681597
3.16925 0.681446 0.681466
3.171 0.681316 0.681336
3.17275 0.681187 0.681207
3.1745 0.681059 0.681079
3.17625 0.680932 0.680952
3.178 0.680806 0.680826
3.17975 0.680681 0.680701
3.1815 0.680557 0.680577
3.18325 0.680434 0.680454
3.185 0.680312 0.680332
3.18675 0.68019 0.680211
3.1885 0.68007 0.680091
3.19025 0.679951 0.679972
3.192 0.679833 0.679854
3.19375 0.679716 0.679736
3.1955 0.679599 0.67962
3.19725 0.679484 0.679505
3.199 0.67937 0.67939
3.20075 0.679256 0.679277
3.2025 0.679144 0.679165
3.20425 0.679033 0.679054
3.206 0.678923 0.678944
3.20775 0.678813 0.678834
3.2095 0.678705 0.678726
3.21125 0.678598 0.678619
3.213 0.678492 0.678513
3.21475 0.678386 0.678407
3.2165 0.678282 0.678303
3.21825 0.678178 0.678199
3.22 0.678076 0.678097
3.22175 0.677974 0.677995
3.2235 0.677874 0.677895
3.22525 0.677774 0.677795
3.227 0.677676 0.677697
3.22875 0.677579 0.677599
3.2305 0.677482 0.677503
3.23225 0.677387 0.677407
3.234 0.677292 0.677313
3.23575 0.677198 0.677219
3.2375 0.677106 0.677126
3.23925 0.677014 0.677035
3.241 0.676923 0.676944
3.24275 0.676834 0.676854
3.2445 0.676745 0.676766
3.24625 0.676657 0.676678
3.248 0.67657 0.676591
3.24975 0.676485 0.676506
3.2515 0.6764 0.676421
3.25325 0.676316 0.676337
3.255 0.676233 0.676254
3.25675 0.676151 0.676171
3.2585 0.67607 0.67609
3.26025 0.67599 0.676011
3.262 0.675912 0.675933
3.26375 0.675835 0.675856
3.2655 0.675759 0.67578
3.26725 0.675685 0.675705
3.269 0.675611 0.675631
3.27075 0.675538 0.675558
3.2725 0.675466 0.675487
3.27425 0.675395 0.675416
3.276 0.675326 0.675346
3.27775 0.675257 0.675277
3.2795 0.675189 0.675209
3.28125 0.675122 0.675143
3.283 0.675057 0.675077
3.28475 0.674992 0.675013
3.2865 0.674929 0.674949
3.28825 0.674866 0.674887
3.29 0.674805 0.674825
3.29175 0.674744 0.674764
3.2935 0.674685 0.674705
3.29525 0.674626 0.674646
3.297 0.674569 0.674589
3.29875 0.674512 0.674533
3.3005 0.674457 0.674477
3.30225 0.674404 0.674424
3.304 0.674351 0.674371
3.30575 0.674297 0.674318
3.3075 0.674247 0.674267
3.30925 0.674197 0.674217
3.311 0.674148 0.674168
3.31275 0.6741 0.67412
3.3145 0.674053 0.674073
3.31625 0.674007 0.674027
3.318 0.673962 0.673982
3.31975 0.673919 0.673939
3.3215 0.673876 0.673896
3.32325 0.673834 0.673854
3.325 0.673793 0.673813
3.32675 0.673753 0.673773
3.3285 0.673714 0.673734
3.33025 0.673677 0.673696
3.332 0.67364 0.67366
3.33375 0.673604 0.673624
3.3355 0.673569 0.673589
3.33725 0.673536 0.673555
3.339 0.673503 0.673523
3.34075 0.673471 0.673491
3.3425 0.673441 0.67346
3.34425 0.673411 0.673431
3.346 0.673383 0.673402
3.34775 0.673355 0.673375
3.3495 0.673329 0.673348
3.35125 0.673303 0.673323
3.353 0.673278 0.673298
3.35475 0.673255 0.673275
3.3565 0.673232 0.673252
3.35825 0.673211 0.67323
3.36 0.67319 0.67321
3.36175 0.673171 0.67319
3.3635 0.673152 0.673172
3.36525 0.673134 0.673154
3.367 0.673118 0.673137
3.36875 0.673102 0.673122
3.3705 0.673087 0.673107
3.37225 0.673074 0.673093
3.374 0.673061 0.67308
3.37575 0.673049 0.673068
3.3775 0.673038 0.673058
3.37925 0.673028 0.673048
3.381 0.67302 0.673039
3.38275 0.673011 0.673031
3.3845 0.673004 0.673024
3.38625 0.672998 0.673018
3.388 0.672993 0.673013
3.38975 0.672989 0.673009
3.3915 0.672986 0.673005
3.39325 0.672983 0.673003
3.395 0.672982 0.673002
3.39675 0.672982 0.673001
3.3985 0.672982 0.673002
3.40025 0.672983 0.673003
3.402 0.672985 0.673005
3.40375 0.672988 0.673008
3.4055 0.672993 0.673012
3.40725 0.672997 0.673017
3.409 0.673003 0.673023
3.41075 0.67301 0.67303
3.4125 0.673018 0.673038
3.41425 0.673026 0.673046
3.416 0.673036 0.673056
3.41775 0.673046 0.673066
3.4195 0.673057 0.673077
3.42125 0.67307 0.673089
3.423 0.673083 0.673102
3.42475 0.673096 0.673116
3.4265 0.673111 0.673131
3.42825 0.673127 0.673147
3.43 0.673143 0.673163
3.43175 0.673161 0.673181
3.4335 0.673179 0.673199
3.43525 0.673198 0.673218
3.437 0.673218 0.673238
3.43875 0.673239 0.673258
3.4405 0.67326 0.67328
3.44225 0.673283 0.673302
3.444 0.673306 0.673326
3.44575 0.67333 0.67335
3.4475 0.673355 0.673375
3.44925 0.67338 0.6734
3.451 0.673407 0.673427
3.45275 0.673434 0.673454
3.4545 0.673462 0.673482
3.45625 0.673491 0.673511
3.458 0.67352 0.67354
3.45975 0.673551 0.673571
3.4615 0.673582 0.673602
3.46325 0.673614 0.673634
3.465 0.673647 0.673667
3.46675 0.673681 0.673701
3.4685 0.673715 0.673735
3.47025 0.673751 0.673771
3.472 0.673787 0.673807
3.47375 0.673823 0.673844
3.4755 0.673861 0.673881
3.47725 0.673899 0.673919
3.479 0.673938 0.673959
3.48075 0.673978 0.673998
3.4825 0.674019 0.674039
3.48425 0.67406 0.67408
3.486 0.674102 0.674122
3.48775 0.674145 0.674165
3.4895 0.674188 0.674208
3.49125 0.674232 0.674253
3.493 0.674277 0.674297
3.49475 0.674323 0.674343
3.4965 0.674369 0.674389
3.49825 0.674416 0.674436
3.5 0.674464 0.674484
