0.652301
0.656250
0.650216
2.000000
0.656250
0.652301
0.650216
1.000000
0.656250
0.656250
0.645997
3.000000
0.652793
0.649736
0.656250
4.000000
0.649736
0.652793
0.656250
4.000000
0.652301
0.656250
0.650216
2.000000
0.648730
0.656250
0.653715
2.000000
0.648730
0.656250
0.653715
2.000000
0.645996
0.656250
0.656250
6.000000
0.649736
0.652793
0.656250
4.000000
0.656250
0.652301
0.650216
1.000000
0.656250
0.648730
0.653715
1.000000
0.656250
0.648730
0.653715
1.000000
0.652793
0.649736
0.656250
4.000000
0.656250
0.645996
0.656250
5.000000
