0.00000000000000000 0.00000000000000000
0.06283185307179580 0.06279051952931330
0.12566370614359160 0.12533323356430412
0.18849555921538741 0.18738131458572446
0.25132741228718319 0.24868988716485455
0.31415926535897898 0.30901699437494712
0.37699111843077482 0.36812455268467764
0.43982297150257060 0.42577929156507222
0.50265482457436639 0.48175367410171482
0.56548667764616223 0.53582679497899610
0.62831853071795796 0.58778525229247258
0.69115038378975380 0.63742398974868919
0.75398223686154964 0.68454710592868817
0.81681408993334548 0.72896862742141100
0.87964594300514121 0.77051324277578870
0.94247779607693705 0.80901699437494690
1.00530964914873278 0.84432792550201452
1.06814150222052850 0.87630668004386303
1.13097335529232446 0.90482705246601902
1.19380520836412019 0.92977648588825090
1.25663706143591591 0.95105651629515320
1.31946891450771187 0.96858316112863074
1.38230076757950759 0.98228725072868839
1.44513262065130332 0.99211470131447765
1.50796447372309927 0.99802672842827145
1.57079632679489500 1.00000000000000000
1.63362817986669095 0.99802672842827167
1.69646003293848646 0.99211470131447810
1.75929188601028241 0.98228725072868905
1.82212373908207814 0.96858316112863163
1.88495559215387409 0.95105651629515420
1.94778744522566960 0.92977648588825224
2.01061929829746555 0.90482705246602047
2.07345115136926150 0.87630668004386458
2.13628300444105701 0.84432792550201641
2.19911485751285296 0.80901699437494878
2.26194671058464891 0.77051324277579070
2.32477856365644486 0.72896862742141300
2.38761041672824037 0.68454710592869050
2.45044226980003632 0.63742398974869152
2.51327412287183183 0.58778525229247536
2.57610597594362778 0.53582679497899888
2.63893782901542373 0.48175367410171754
2.70176968208721924 0.42577929156507532
2.76460153515901519 0.36812455268468064
2.82743338823081114 0.30901699437495006
2.89026524130260665 0.24868988716485782
2.95309709437440215 0.18738131458572807
3.01592894744619855 0.12533323356430717
3.07876080051799406 0.06279051952931669
3.14159265358979001 0.00000000000000323
3.20442450666158596 -0.06279051952931024
3.26725635973338191 -0.12533323356430121
3.33008821280517742 -0.18738131458572127
3.39292006587697292 -0.24868988716485113
3.45575191894876932 -0.30901699437494434
3.51858377202056483 -0.36812455268467459
3.58141562509236033 -0.42577929156506905
3.64424747816415628 -0.48175367410171188
3.70707933123595224 -0.53582679497899344
3.76991118430774819 -0.58778525229247014
3.83274303737954369 -0.63742398974868664
3.89557489045133920 -0.68454710592868551
3.95840674352313560 -0.72896862742140889
4.02123859659493110 -0.77051324277578648
4.08407044966672661 -0.80901699437494468
4.14690230273852301 -0.84432792550201285
4.20973415581031851 -0.87630668004386147
4.27256600888211402 -0.90482705246601747
4.33539786195391041 -0.92977648588824979
4.39822971502570592 -0.95105651629515220
4.46106156809750232 -0.96858316112863008
4.52389342116929782 -0.98228725072868783
4.58672527424109333 -0.99211470131447721
4.64955712731288973 -0.99802672842827134
4.71238898038468523 -1.00000000000000000
4.77522083345648074 -0.99802672842827189
4.83805268652827625 -0.99211470131447854
4.90088453960007264 -0.98228725072868961
4.96371639267186815 -0.96858316112863241
5.02654824574366366 -0.95105651629515531
5.08938009881546005 -0.92977648588825323
5.15221195188725556 -0.90482705246602180
5.21504380495905107 -0.87630668004386636
5.27787565803084746 -0.84432792550201785
5.34070751110264297 -0.80901699437495067
5.40353936417443848 -0.77051324277579303
5.46637121724623487 -0.72896862742141522
5.52920307031803038 -0.68454710592869283
5.59203492338982677 -0.63742398974869374
5.65486677646162228 -0.58778525229247758
5.71769862953341779 -0.53582679497900165
5.78053048260521329 -0.48175367410172076
5.84336233567700880 -0.42577929156507865
5.90619418874880431 -0.36812455268468447
5.96902604182060159 -0.30901699437495272
6.03185789489239710 -0.24868988716486051
6.09468974796419261 -0.18738131458573079
6.15752160103598811 -0.12533323356431084
6.22035345410778362 -0.06279051952932035
6.28318530717958001 -0.00000000000000646
