1.9999999999999989
1.0067955691133597
1.9923338060700879
1.0067927033777451
1.9846671299053564
1.0067876473995778
1.9770003918608856
1.0067769479954689
1.9693322536315951
1.0067639348257382
1.9616638969044393
1.0067454634001127
1.9539933834175156
1.0067245156863391
1.9463223904938225
1.0066983043077671
1.9386486796373026
1.0066694610451103
1.9309741367620636
1.0066355547338395
1.9232965726443894
1.0065988727692754
1.9156177603213382
1.0065573298222923
1.9079358820141403
1.0065128848905123
1.9002522990539528
1.0064637782873809
1.8925659338844114
1.0064116679714434
1.8848774210855899
1.0063550876675107
1.8771868643366318
1.0062954355659868
1.8694938318772949
1.0062314935882630
1.8618002095168769
1.0061644550911149
1.8541041558244571
1.0060932902200268
1.8464100032259514
1.0060190627460599
1.8387142607251004
1.0059408515954555
1.8310259042592656
1.0058596990636586
1.8233398895312884
1.0057747042612550
1.8156682084665643
1.0056870047154802
1.8080056617512221
1.0055956034177596
1.8003845350903649
1.0055019942760219
1.7928107262543500
1.0054056145260475
1.7852790741013280
1.0053063691125297
1.7778128939242481
1.0052058622971916
1.7703437699622611
1.0051014087905576
1.7628747639703173
1.0049950572920139
1.7553901320077774
1.0048851962268250
1.7478714338871737
1.0047724834046405
1.7403440454876193
1.0046566332122138
1.7327923898328477
1.0045381763714867
1.7252352215490372
1.0044166250577342
1.7176575100398619
1.0042927568657698
1.7100767120132856
1.0041658336306689
1.7024803065849952
1.0040369043038395
1.6948822024163588
1.0039049698913165
1.6872718226996966
1.0037713085583186
1.6796605812069565
1.0036347235869363
1.6720395902514877
1.0034966334901019
1.6644180599824776
1.0033557789745269
1.6567890246327077
1.0032135626395224
1.6491593438540422
1.0030688284144076
1.6415240470106178
1.0029228239982371
1.6338879365221921
1.0027745758465574
1.6262475943958126
1.0026251380899234
1.6186063779421891
1.0024737323117041
1.6109619500698693
1.0023212231477001
1.6033166533528085
1.0021670188640761
1.5956689381452469
1.0020118073893034
1.5880204075802009
1.0018551681401626
1.5803700778518526
1.0016976292987407
1.5727190170468566
1.0015389222630224
1.5650666574821641
1.0013794364022544
1.5574136756749815
1.0012190326779844
1.5497598030834374
1.0010579842445950
1.5421054346813250
1.0008962577258842
1.5344505100401182
1.0007340346804841
1.5267952285337378
1.0005713619106429
1.5191396606741581
1.0004083544525710
1.5114838808340973
1.0002451131791135
1.5038280213986031
1.0000817130354698
1.4961720903282221
0.9999182820433762
1.4885162308313238
0.9997548819071840
1.4808604508753040
0.9995916406481122
1.4732048828505251
0.9994286332156106
1.4655496011230025
0.9992659604825097
1.4578946762160956
0.9991037374901061
1.4502403074953618
0.9989420110432655
1.4425864345435921
0.9987809626995283
1.4349334523188477
0.9986205590879704
1.4272810922979531
0.9984610733555794
1.4196300309766101
0.9983023664689973
1.4119797006959254
0.9981448277885474
1.4043311695135141
0.9979881887129145
1.3966834536553274
0.9978329774207697
1.3890381562164922
0.9976787733231571
1.3813937275917145
0.9975262643536231
1.3737525103042918
0.9973748587677593
1.3661121673171308
0.9972254212126644
1.3584760558752469
0.9970771732593382
1.3508407580564388
0.9969311690515763
1.3432110761978477
0.9967864350323875
1.3355820397534126
0.9966442189141138
1.3279605082819017
0.9965033646177061
1.3203395161353984
0.9963652747425237
1.3127282733327683
0.9962286900041974
1.3051178923414906
0.9960950288979968
1.2975197868077928
0.9959630947312577
1.2899233800506829
0.9958341656439522
1.2823425807334006
0.9957072426731729
1.2747648679950632
0.9955833747373531
1.2672076987554837
0.9954618237064289
1.2596560422677661
0.9953433671445476
1.2521286531750735
0.9952275172537821
1.2446099544560436
0.9951148047187154
1.2371253217583162
0.9950049439582126
1.2296563150255446
0.9948985927444201
1.2221871897410883
0.9947941395143122
1.2147210079758135
0.9946936329515105
1.2071893538169467
0.9945943878002187
1.1996155427287321
0.9944980082772191
1.1919944138781768
0.9944043993673493
1.1843318650136883
0.9943129982987946
1.1766601817614082
0.9942252989790421
1.1689741646674980
0.9941403043991954
1.1612858058239739
0.9940591520908155
1.1535900607664378
0.9939809411571167
1.1458959056045752
0.9939067138924891
1.1381998491354726
0.9938355492050890
1.1305062239916313
0.9937685108778123
1.1228131885695889
0.9937045690120042
1.1151226289402107
0.9936449169962689
1.1074341132824761
0.9935883367011942
1.0997477452201294
0.9935362263779356
1.0920641591421061
0.9934871196938776
1.0843822776979950
0.9934426746752465
1.0767034620622282
0.9934011316088601
1.0690258945727298
0.9933644495322884
1.0613513479687948
0.9933305431161918
1.0536776333410518
0.9933016997574787
1.0460066363264267
0.9932754883109389
1.0383361187426459
0.9932545405370888
1.0306677578134105
0.9932360690778043
1.0229996153880125
0.9932230558806378
1.0153328732330491
0.9932123564721472
1.0076661929607220
0.9932073004950830
0.9999999951478895
0.9932044347729357
0.9923337973355467
0.9932073005287920
0.9846671180156249
0.9932123565231312
0.9770003768341911
0.9932230559504467
0.9693322360970519
0.9932360691166497
0.9616638769043663
0.9932545405464973
0.9539933612417952
0.9932754882109405
0.9463223661703447
0.9933016995452473
0.9386486533891604
0.9933305426887624
0.9309741086154543
0.9933644488785222
0.9232965427994206
0.9934011306172171
0.9156177288077045
0.9934426733271806
0.9079358489229873
0.9934871178916660
0.9002522643860192
0.9935362241020309
0.8925658977587650
0.9935883338944190
0.8848773835141686
0.9936449136439967
0.8771868252863678
0.9937045651108405
0.8694937912824672
0.9937685064305281
0.8618001673259869
0.9938355442737282
0.8541041119568464
0.9939067085007770
0.8464099577542726
0.9939809354181940
0.8387142136054576
0.9940591460612562
0.8310258555355523
0.9941402982200372
0.8233398391406390
0.9942252927310760
0.8156681566547969
0.9943129921146803
0.8080056086285904
0.9944043933351413
0.8003844807953153
0.9944980024939126
0.7928106708558396
0.9945943823347420
0.7852790179482321
0.9946936278570451
0.7778128374957008
0.9947941348311333
0.7703437136744401
0.9948985884856131
0.7628747085915337
0.9950049401322075
0.7553900776996607
0.9951148013168110
0.7478713810948985
0.9952275142464482
0.7403439941791158
0.9953433645183930
0.7327923400135530
0.9954618214095691
0.7252351731211827
0.9955833727614993
0.7176574627467849
0.9957072409587677
0.7100766658171290
0.9958341641885626
0.7024802614505643
0.9959630934772647
0.6948821583301673
0.9960950278479231
0.6872717797682194
0.9962286891059166
0.6796605394151138
0.9963652740005060
0.6720395497339945
0.9965033639884469
0.6644180207349293
0.9966442183979537
0.6567889867950855
0.9967864345963380
0.6491593074357701
0.9969311686894629
0.6415240121300755
0.9970771729488604
0.6338879031947403
0.9972254209465934
0.6262475627093753
0.9973748585320243
0.6186063479145537
0.9975262641407234
0.6109619217646269
0.9976787731236008
0.6033166267879313
0.9978329772269972
0.5956689133651397
0.9979881885141472
0.5880203846012907
0.9981448275760822
0.5803700567066523
0.9983023662272692
0.5727189977501482
0.9984610730733370
0.5650666400563104
0.9986205587463625
0.5574136601322606
0.9987809622847373
0.5497597894375832
0.9989420105379737
0.5421054229413679
0.9991037368800919
0.5344505002117563
0.9992659597555633
0.5267952206216263
0.9994286323598428
0.5191396546771349
0.9995916396572566
0.5114838767516934
0.9997548807735844
0.5038280192234648
0.9999182807627667
0.4961720900535027
1.0000817116025336
0.4885162324440634
1.0002451115887134
0.4808604543610824
1.0004083527001977
0.4732048881914099
1.0005713599894166
0.4655496082958022
1.0007340325851968
0.4578946851993531
1.0008962554472287
0.4502403182565873
1.0010579817756338
0.4425864470588654
1.0012190300089823
0.4349334665454497
1.0013794335276529
0.4272811082109682
1.0015389191739390
0.4196300485232841
1.0016976259943671
0.4119797198512198
1.0018551646125813
0.4043311902138279
1.0020118036449404
0.3966834758768127
1.0021670148948119
0.3890381798852199
1.0023212189668835
0.3813937526857875
1.0024737279096405
0.3737525367380718
1.0026251334846652
0.3661121950717094
1.0027745710260190
0.3584760848519944
1.0029228189829791
0.3508407882404226
1.0030688231897322
0.3432111074729183
1.0032135572281200
0.3355820721103105
1.0033557733588907
0.3279605415810357
1.0034966276908650
0.3203395503792079
1.0036347175957616
0.3127283083383040
1.0037713023930179
0.3051179281158941
1.0039049635544721
0.2975198231384233
1.0040368978220544
0.2899234169345149
1.0041658270082099
0.2823426179255314
1.0042927501560674
0.2747649054762522
1.0044166182727226
0.2672077362632734
1.0045381696088733
0.2596560797618876
1.0046566264940446
0.2521286904218523
1.0047724768797146
0.2446099913990045
1.0048851899546900
0.2371253582976412
1.0049950514504853
0.2296563511305177
1.0051014034816357
0.2221872254730685
1.0052058577031704
0.2147210433545396
1.0053063653769132
0.2071893890714872
1.0054056117515293
0.1996155779786254
1.0055019926023014
0.1919944491600128
1.0055956028329645
0.1843319002390403
1.0056870052298503
0.1766602167232103
1.0057747057410198
0.1689741991123091
1.0058597013455708
0.1612858395228949
1.0059408544702690
0.1535900933890126
1.0060190658991994
0.1458959370821674
1.0060932934630371
0.1381998793660014
1.0061644580917670
0.1305062529858049
1.0062314962392398
0.1228132163091458
1.0062954376658395
0.1151226553931168
1.0063550891857758
0.1074341383677586
1.0064116688650517
0.0997477689928324
1.0064637785596113
0.0920641817230432
1.0065128845827662
0.0843822991062003
1.0065573289450738
0.0767034823610773
1.0065988713872014
0.0690259137668906
1.0066355528594397
0.0613513660667869
1.0066694587615490
0.0536776503885289
1.0066983016262947
0.0460066525847614
1.0067245126947173
0.0383361342179551
1.0067454601049100
0.0306677725306867
1.0067639313234964
0.0229996292341693
1.0067769442912347
0.0153328845056799
1.0067876435809886
0.0076662016388642
1.0067926994460636
0.0000000000000000
1.0067955651776348
