1.9999999999999989
0.9954036130071084
1.9923638699809596
0.9954007468806082
1.9847274708580551
0.9954087466074826
1.9770909553813116
0.9954113202498170
1.9694536079412626
0.9954242847858378
1.9618159597482927
0.9954324477976335
1.9541769791262529
0.9954503563814566
1.9465374332557437
0.9954640891194051
1.9388961858405627
0.9954869129095246
1.9312540369547018
0.9955061827838489
1.9236099587231026
0.9955338863406903
1.9159645825566087
0.9955586462238961
1.9083172037363090
0.9955911868746657
1.9006680812715668
0.9956213750361681
1.8930170981447143
0.9956587028217124
1.8853639117884629
0.9956942420413297
1.8777093751637186
0.9957362978070523
1.8700522537737965
0.9957770934942831
1.8623948980476099
0.9958238059712241
1.8547348852100993
0.9958697413924551
1.8470766971349104
0.9959210224411781
1.8394164974848544
0.9959719530049188
1.8317631464870658
0.9960276680902336
1.8241114482687715
0.9960833831556629
1.8164730034422842
0.9961433490111515
1.8088426042182031
0.9962035999852057
1.8012520817567401
0.9962673378680583
1.7937072747568905
0.9963318196101630
1.7862029129969785
0.9963980535348312
1.7787619276977786
0.9964665134536528
1.7713162903446842
0.9965354328599160
1.7638680541698077
0.9966080928072950
1.7564025830109569
0.9966808934479803
1.7488995737160640
0.9967580732028778
1.7413864488140398
0.9968347073856103
1.7338448595274181
0.9969162229171646
1.7262965537781803
0.9969964108581790
1.7187226312114028
0.9970820087886346
1.7111447121339272
0.9971656117464377
1.7035454687362286
0.9972550323349478
1.6959438819474331
0.9973418323182607
1.6883243650777870
0.9974347532945439
1.6807034455466430
0.9975246507097187
1.6730670049982201
0.9976205445057034
1.6654293696042606
0.9977136262394282
1.6577782167516393
0.9978120580423484
1.6501254823823805
0.9979082872860027
1.6424616012187130
0.9980090339666110
1.6347957542569385
0.9981081388894947
1.6271206282166017
0.9982109953014904
1.6194432946970725
0.9983127007263786
1.6117583376470126
0.9984174507268501
1.6040710889221899
0.9985214633042157
1.5963776871471336
0.9986278857187341
1.5886820302414664
0.9987339118190848
1.5809814835329710
0.9988417787899192
1.5732788096000689
0.9989495166785793
1.5655724412413863
0.9990585947478520
1.5578641960527255
0.9991677384631292
1.5501532718218074
0.9992777898005594
1.5424407765209340
0.9993880302036499
1.5347265490827691
0.9994988134857585
1.5270111573079679
0.9996098379678832
1.5192948209843422
0.9997211096703241
1.5115777563474715
0.9998326049703622
1.5038604193215970
0.9999441207946125
1.4961428345260572
1.0000557728689148
1.4884254957664582
1.0001672887381559
1.4807084276992688
1.0002787840916649
1.4729920861299777
1.0003900559268484
1.4652766873324536
1.0005010805142354
1.4575624510894047
1.0006118640145694
1.4498499452906959
1.0007221045686860
1.4421390087074923
1.0008321562035607
1.4344307493879713
1.0009413001161040
1.4267243648518346
1.0010503785702087
1.4190216725404550
1.0011581167171280
1.4113211058734763
1.0012659841565690
1.4036254278522746
1.0013720105596333
1.3959320033750491
1.0014784335169626
1.3882447307542047
1.0015824464418521
1.3805597481506209
1.0016871970491061
1.3728823874460572
1.0017889028627762
1.3652072326881168
1.0018917599440418
1.3575413554698517
1.0019908652902974
1.3498774425701610
1.0020916126895270
1.3422246747350515
1.0021878423970745
1.3345734870609749
1.0022862749671158
1.3269358148074053
1.0023793572188135
1.3192993363322991
1.0024752518158824
1.3116783757556445
1.0025651503090927
1.3040588173318042
1.0026580716556510
1.2964571860352365
1.0027448731906388
1.2888578982806984
1.0028342938933898
1.2812799319526837
1.0029178980730535
1.2737059627715137
1.0030034964174188
1.2661576072297736
1.0030836853889975
1.2586159688186855
1.0031652015461787
1.2511027917925550
1.0032418367963598
1.2435997307361466
1.0033190172043027
1.2361342049769406
1.0033918189839182
1.2286859142667605
1.0034644796728636
1.2212402194757999
1.0035334001769511
1.2137991762084943
1.0036018607798542
1.2062947536054864
1.0036680957956590
1.1987498844706028
1.0037325782557278
1.1911592976867167
1.0037963172955386
1.1835288327529141
1.0038565691734187
1.1758903205293785
1.0039165362486224
1.1682385534667246
1.0039722522221317
1.1605851323466070
1.0040279685108784
1.1529248611781580
1.0040788999797514
1.1452666005654792
1.0041301821986222
1.1376065137827993
1.0041761185039737
1.1299490833164203
1.0042228321045585
1.1222918858647966
1.0042636286442319
1.1146372726807934
1.0043056854634345
1.1069840087697385
1.0043412254908153
1.0993329476749734
1.0043785542588999
1.0916837462371605
1.0044087431820850
1.0840362881997956
1.0044412847336053
1.0763908320950180
1.0044660453294756
1.0687466737736777
1.0044937497077522
1.0611044442381954
1.0045130202488466
1.0534631161149508
1.0045358447768817
1.0458234892878298
1.0045495781368707
1.0381844277659280
1.0045674873753987
1.0305466992966961
1.0045756509652570
1.0229092716473758
1.0045886160720170
1.0152726771162934
1.0045911902491487
1.0076361989692135
1.0045991904641236
0.9999999915486911
1.0045963248168923
0.9923637841286558
1.0045991913661922
0.9847273110575471
1.0045911920490511
0.9770907217012925
1.0045886187882624
0.9694533038820077
1.0045756545937243
0.9618155855226296
1.0045674919335121
0.9541765380347962
1.0045495836325948
0.9465369256441600
1.0045358512211500
0.9388956153865921
1.0045130276660743
0.9312534042213675
1.0044937580991917
0.9236092674447460
1.0044660547379427
0.9159638335102268
1.0044412951516741
0.9083164007198380
1.0044087546695821
0.9006672252949871
1.0043785668020877
0.8930161930987736
1.0043412391668192
0.8853629589665851
1.0043057002492446
0.8777083783688893
1.0042636446307984
0.8700512145255062
1.0042228492620573
0.8623938200867195
1.0041761369379612
0.8547337703378478
1.0041302018642118
0.8470755491023887
1.0040789209911125
0.8394153184263143
1.0040279908168346
0.8317619399423808
1.0039722759432519
0.8241102166366047
1.0039165613225502
0.8164717502427626
1.0038565957300818
0.8088413323540943
1.0037963452655707
0.8012507943891078
1.0037326077527580
0.7937059751051889
1.0036681267001193
0.7862016038436866
1.0036018932475950
0.7787606129101744
1.0035334340965871
0.7713149720219987
1.0034645152319539
0.7638667368998725
1.0033918561052997
0.7564012680799403
1.0033190560659238
0.7488982659548326
1.0032418772766967
0.7413851488636061
1.0031652438304048
0.7338435721583717
1.0030837293591535
0.7262952791587685
1.0030035422643546
0.7187213742507209
1.0029179455735908
0.7111434728083873
1.0028343434548699
0.7035442519648115
1.0027449243155053
0.6959426877749653
1.0026581251135613
0.6883231981373507
1.0025652055437553
0.6807023060983322
1.0024753092087411
0.6730658974773794
1.0023794167025921
0.6654282945694509
1.0022863363686791
0.6577771784436899
1.0021879059526309
0.6501244816743598
1.0020916782093983
0.6424606416193361
1.0019909330130921
0.6347948367419388
1.0018918296818480
0.6271197553528675
1.0017889748409288
0.6194424673943812
1.0016872710805935
0.6117575582512006
1.0015825227385566
0.6040703584231828
1.0014785118993630
0.5963770075099699
1.0013720912272894
0.5886814024348042
1.0012660669397311
0.5809809091066612
1.0011582017895866
0.5732782894306837
1.0010504657771859
0.5655719765893711
1.0009413895897392
0.5578637877164022
1.0008322477967639
0.5501529207041038
1.0007221983822432
0.5424404832619646
1.0006119599261869
0.5347263143047449
1.0005011785884441
0.5270109814975636
1.0003901560619197
0.5192947044673584
1.0002788863096546
0.5115776994059926
1.0001673929612405
0.5038604220356778
1.0000558790805105
0.4961428969718612
0.9999442289448579
0.4884256177708465
0.9998327150013043
0.4807086090803022
0.9997212215639252
0.4729923265320622
0.9996099516256723
0.4652769863470044
0.9994989289233888
0.4575628081676203
0.9993881472795291
0.4498503597345030
0.9992779085688250
0.4421394797893475
0.9991678587379299
0.4344312760812979
0.9990587166158584
0.4267249463647556
0.9989496399018292
0.4190223076560246
0.9988419034852103
0.4113217935725462
0.9987340377110744
0.4036261662881694
0.9986280129623657
0.3959327914511785
0.9985215915826381
0.3882455661744850
0.9984175802265236
0.3805606298846277
0.9983128310997769
0.3728833130892087
0.9982111267671342
0.3652082012199792
0.9981082710653085
0.3575423640330476
0.9980091671040907
0.3498784902245246
0.9979084209781293
0.3422257581539611
0.9978121925551376
0.3345746054225510
0.9977137611476695
0.3269369641635111
0.9976206800676302
0.3193005160991872
0.9975247865240597
0.3116795814114524
0.9974348888614483
0.3040600485929390
0.9973419686728650
0.2964584381765228
0.9972551676553758
0.2888591712426629
0.9971657481398787
0.2812812206356970
0.9970821445328083
0.2737072671495736
0.9969965471454953
0.2661589219656074
0.9969163587463516
0.2586172936209862
0.9968348433513852
0.2511041216595981
0.9967582085742978
0.2436010649516921
0.9966810288287397
0.2361355390633357
0.9966082274133605
0.2286872470877843
0.9965355672665492
0.2212415473381822
0.9964666470962623
0.2138004974987802
0.9963981870267453
0.2062960652344575
0.9963319523256753
0.1987511842052156
0.9962674703610500
0.1911605824715567
0.9962037315380043
0.1835300995775944
0.9961434800175125
0.1758915664511468
0.9960835130688550
0.1682397750670779
0.9960277974096412
0.1605863269616444
0.9959720812115638
0.1529260250427112
0.9959211500127024
0.1452677314223416
0.9958698678601154
0.1376076078421240
0.9958239317916464
0.1299501386703569
0.9957772182494088
0.1222928986310229
0.9957364219295728
0.1146382411895559
0.9956943651673027
0.1069849289760482
0.9956588253506313
0.0993338182688393
0.9956214966588131
0.0916845633064587
0.9955913079513562
0.0840370506731670
0.9955587665017023
0.0763915360265549
0.9955340061360810
0.0687473183431331
0.9955063019011736
0.0611050255328496
0.9954870316143957
0.0534636336008131
0.9954642072793060
0.0458239395385788
0.9954504742117722
0.0381848104323576
0.9954325652272462
0.0305470110113760
0.9954244019671545
0.0229095121031806
0.9954114371806674
0.0152728415287861
0.9954088633862072
0.0076362872621356
0.9954008635779954
0.0000000000000000
0.9954037296444822
