1.9999999999999989
0.9998934615017782
1.9923217232833554
0.9998906029000916
1.9846432904676032
0.9998934733219581
1.9769647637558534
0.9998908588665165
1.9692857613797055
0.9998936187712184
1.9616065212810052
0.9998913697588631
1.9539265530166827
0.9998940171671137
1.9462461448555903
0.9998921347217230
1.9385648609707602
0.9998946695292371
1.9308828828342999
0.9998931522320542
1.9232000109057998
0.9998955775146879
1.9155161508736063
0.9998944201192337
1.9078315191451847
0.9998967418926851
1.9001455763197432
0.9998959355481523
1.8924591833649849
0.9998981630809203
1.8847711616010252
0.9998976947791143
1.8770833602534980
0.9998998404878111
1.8693937074226603
0.9998996932839248
1.8617055420405775
0.9999017729015085
1.8540156314507215
0.9999019247738525
1.8463294138274859
0.9999039587684659
1.8386422983459036
0.9999043837957725
1.8309640113930066
0.9999063898260345
1.8232887055129419
0.9999070554687954
1.8156287963712054
0.9999090671073256
1.8079785566609741
0.9999099636830203
1.8003703279381145
0.9999119168483261
1.7928097377479744
0.9999133714160229
1.7852914064261629
0.9999145965701117
1.7778386645540203
0.9999168270543020
1.7703828230638683
0.9999176316495286
1.7629271328075571
0.9999201041831386
1.7554554994089060
0.9999211312430173
1.7479495703469805
0.9999237816902113
1.7404344985952436
0.9999247376843075
1.7328945089479397
0.9999277003445994
1.7253484948434072
0.9999285302606195
1.7177808399968053
0.9999317681068284
1.7102096038066246
0.9999325159795602
1.7026212719851197
0.9999359754980319
1.6950308188426357
0.9999366747102755
1.6874264650169859
0.9999402763398488
1.6798208998686537
0.9999409897540099
1.6722037099022342
0.9999445682861225
1.6645856327198785
0.9999454606356589
1.6569579626712490
0.9999488849415874
1.6493292185285504
0.9999500714893300
1.6416929664287181
0.9999533490969367
1.6340554161752376
0.9999548199572978
1.6264118710759721
0.9999579635950110
1.6187669153777617
0.9999596874292307
1.6111171689274293
0.9999627150491529
1.6034659884355429
0.9999646656961075
1.5958110477948260
0.9999675918126304
1.5881547302740031
0.9999697385488815
1.5804954830822602
0.9999725789567785
1.5728349615270225
0.9999748926518206
1.5651722590276953
0.9999776618891028
1.5575084488019260
0.9999801123125510
1.5498430760765944
0.9999828251730379
1.5421767904860704
0.9999853823225173
1.5345094973374134
0.9999880530113833
1.5268415332891934
0.9999906866252966
1.5191730186518053
0.9999933292515687
1.5115040906043116
0.9999960087935341
1.5038349964330628
0.9999986373142732
1.4961657670375645
1.0000013322656656
1.4884966724805431
1.0000039608247684
1.4808277436604249
1.0000066404225398
1.4731592278405437
1.0000092831614777
1.4654912621357026
1.0000119168856099
1.4578239669863575
1.0000145877620665
1.4501576789703652
1.0000171450752289
1.4424923034051955
1.0000198581928852
1.4348284897327392
1.0000223088292164
1.4271657833482421
1.0000250783947384
1.4195052571516049
1.0000273923501759
1.4118460050648458
1.0000302331489641
1.4041896822545401
1.0000323801903075
1.3965347360652454
1.0000353067564369
1.3888835495154654
1.0000372577482961
1.3812337968020461
1.0000402858727553
1.3735888344190013
1.0000420100873910
1.3659452824413196
1.0000451542781839
1.3583077247691981
1.0000466255497704
1.3506714651228247
1.0000499037544528
1.3430427131058922
1.0000510907402438
1.3354150350875764
1.0000545156791252
1.3277969497411495
1.0000554084960036
1.3201797515764391
1.0000589876858506
1.3125741774687267
1.0000597016948489
1.3049698147308029
1.0000633039108557
1.2973793518884886
1.0000640038351338
1.2897910104220842
1.0000674638567963
1.2822197640637507
1.0000682124582227
1.2746520991003445
1.0000714508149537
1.2671060746398191
1.0000722814681782
1.2595660746981694
1.0000752446430237
1.2520509922750065
1.0000762013865778
1.2445450524945161
1.0000788523453645
1.2370734078208325
1.0000798801706090
1.2296177060830360
1.0000823532296710
1.2221618521831410
1.0000831585708865
1.2147090973695247
1.0000853895488435
1.2071907523192964
1.0000866154417012
1.1996301477551701
1.0000880704978234
1.1920219044189497
1.0000900243856234
1.1843716496727958
1.0000909214839331
1.1767117252547086
1.0000929338441376
1.1690364034720511
1.0000935999914742
1.1613581004509004
1.0000956067176419
1.1536709682803179
1.0000960322267300
1.1459847338417894
1.0000980668807495
1.1382948057871676
1.0000982192045251
1.1306066228362257
1.0001002994417973
1.1229169518225615
1.0001001526586242
1.1152291323049757
1.0001022989322110
1.1075410919962445
1.0001018310131924
1.0998546804280522
1.0001040590594623
1.0921687184562012
1.0001032530604941
1.0844840675434921
1.0001055752874508
1.0768001878999069
1.0001044181987693
1.0691172962993321
1.0001068438791041
1.0614352979777710
1.0001053268544062
1.0537539938628424
1.0001078620021449
1.0460735650217849
1.0001059798003500
1.0383935760907415
1.0001086274966942
1.0307143153472116
1.0001063787050317
1.0230352923415929
1.0001091388502539
1.0153567452348635
1.0001065246022833
1.0076782920279894
1.0001093952269364
0.9999999952766616
1.0001065368162976
0.9923216985250215
1.0001093955988489
0.9846432471599660
1.0001065253490986
0.9769647019305188
1.0001091399845741
0.9692856823552785
1.0001063802407031
0.9616064251358840
1.0001086294479324
0.9539264406900158
1.0001059821974900
0.9462460164309541
1.0001078648575332
0.9385647175127417
1.0001053302151428
0.9308827244736325
1.0001068477531307
0.9231998386623567
1.0001044226473497
0.9155159649084860
1.0001055803146468
0.9078313204325714
1.0001032587362633
0.9001453650386962
1.0001040653851718
0.8924589605477589
1.0001018380652003
0.8847709274842798
1.0001023067050216
0.8770831157748756
1.0001001612304794
0.8693934528039873
1.0001003088018809
0.8617052782099083
1.0000982294344671
0.8540153586698298
1.0000980779562167
0.8463291331197815
1.0000960442265607
0.8386420100562667
1.0000956196117576
0.8309637164666251
1.0000936138537682
0.8232884043183204
1.0000929486328758
0.8156284899842938
1.0000909372679800
0.8079782456620412
1.0000900411108871
0.8003700132147913
1.0000880882235998
0.7928094198905205
1.0000866340852581
0.7852910864136652
1.0000854091822364
0.7778383434492290
1.0000831790950093
0.7703825017686767
1.0000823747294127
0.7629268127645150
1.0000799025428064
0.7554551811451413
1.0000788756754380
0.7479492550947423
1.0000762255456699
0.7404341865819819
1.0000752697245259
0.7328942010533578
1.0000723073270148
0.7253481911358363
1.0000714775547517
0.7177805411622286
1.0000682399147760
0.7102093098931370
1.0000674921433037
0.7026209839355597
1.0000640327692765
0.6950305366671569
1.0000633336156564
0.6874261898127860
1.0000597320301821
0.6798206316188375
1.0000590186666831
0.6722034496631184
1.0000554400859323
0.6645853805179485
1.0000545477765959
0.6569577194455337
1.0000511233727050
0.6493289843710931
1.0000499368074263
0.6416927421613086
1.0000466590588137
0.6340552019273362
1.0000451881220995
0.6264116675348465
1.0000420443028470
0.6187667226974504
1.0000403203369439
0.6111169876771465
1.0000372924981107
0.6034658187829390
1.0000353416683960
0.5958108901979605
1.0000324152985629
0.5881545849007648
1.0000302683329962
0.5804953502935331
1.0000274276404670
0.5728348414831328
1.0000251136742537
0.5651721520027122
1.0000223441237586
0.5575083549396589
1.0000198933919826
0.5498429955724322
1.0000171801923223
0.5421767234599851
1.0000146227018243
0.5345094439116248
1.0000119516501296
0.5268414935506613
1.0000093176667637
0.5191729926567670
1.0000066746561089
0.5115040783990819
1.0000039947203359
0.5038349980163598
1.0000013657955320
0.4961657824080778
0.9999986704299083
0.4884967015848758
0.9999960414488704
0.4808277864404611
0.9999933614203168
0.4731592841971678
0.9999907182433706
0.4654913319457611
0.9999880840758457
0.4578240501143019
0.9999854127472593
0.4501577752225450
0.9999828549822340
0.4424924126202247
0.9999801414005112
0.4348286116441883
0.9999776903082138
0.4271659177770443
0.9999749202693674
0.4195054037519373
0.9999726058586685
0.4118461636483878
0.9999697645803923
0.4041898523909611
0.9999676170897229
0.3965349175672924
0.9999646900416846
0.3888837418644370
0.9999627386121814
0.3812339998198291
0.9999597100076238
0.3735890474946780
0.9999579853731221
0.3659455054150751
0.9999548407088262
0.3583079569240946
0.9999533690416159
0.3506717063282516
0.9999500903749976
0.3430429625341161
0.9999489030243228
0.3354152926456334
0.9999454776403236
0.3277972144760759
0.9999445844919694
0.3201800234596580
0.9999410048822885
0.3125744553884414
0.9999402905345690
0.3049700986943336
0.9999366879698598
0.2973796406931312
0.9999359877025621
0.2897913040378756
0.9999325274157839
0.2822200612641295
0.9999317785097319
0.2746523997760170
0.9999285399375814
0.2671063775984762
0.9999277090213060
0.2595663797320627
0.9999247456846991
0.2520512982958352
0.9999237887206475
0.2445453591903712
0.9999211376543075
0.2370737143455877
0.9999201096453977
0.2296180120608171
0.9999176365253307
0.2221621570527723
0.9999168310453106
0.2147094007073428
0.9999146000765996
0.2071910538373464
0.9999133741002537
0.1996304470239667
0.9999119191134556
0.1920222010345490
0.9999099651710663
0.1843719429146052
0.9999090681767945
0.1767120145196619
0.9999070557862734
0.1690366877978145
0.9999063897856431
0.1613583792225119
0.9999043830662409
0.1536712403492339
0.9999039577342321
0.1459849987632529
0.9999019231202244
0.1382950625340991
0.9999017709925860
0.1306068710726057
0.9998996908241498
0.1229171905412467
0.9998998378177241
0.1152293611693676
0.9998976916288020
0.1075413099097407
0.9998981597597103
0.0998548871820094
0.9998959318154931
0.0921689131355152
0.9998967380235463
0.0844842499458436
0.9998944159052635
0.0768003570421462
0.9998955731925564
0.0691174520193056
0.9998931476283630
0.0614354393011469
0.9998946648410668
0.0537541207023655
0.9998921298146147
0.0460736766265021
0.9998940121912488
0.0383936724026962
0.9998913646198277
0.0307143956942044
0.9998936135826827
0.0230353565470324
0.9998908535781018
0.0153567904712395
0.9998934679802973
0.0076783182484136
0.9998905975036371
0.0000000000000000
0.9998934560890250
