1.9999998999999999
1.0100000000000000
1.9923664122137403
1.0099971245465316
1.9847328244274809
1.0099884998397728
1.9770992366412212
1.0099741308397123
1.9694656488549618
1.0099540258098283
1.9618320610687021
1.0099281963123363
1.9541984732824427
1.0098966572015400
1.9465648854961832
1.0098594266152885
1.9389312977099236
1.0098165259645455
1.9312977099236641
1.0097679799210759
1.9236641221374045
1.0097138164032575
1.9160305343511450
1.0096540665600255
1.9083969465648853
1.0095887647529587
1.9007633587786259
1.0095179485365184
1.8931297709923662
1.0094416586364519
1.8854961832061068
1.0093599389263703
1.8778625954198473
1.0092728364025190
1.8702290076335877
1.0091804011567485
1.8625954198473282
1.0090826863477083
1.8549618320610686
1.0089797481702758
1.8473282442748091
1.0088716458232392
1.8396946564885495
1.0087584414752517
1.8320610687022900
1.0086402002290806
1.8244274809160304
1.0085169900841664
1.8167938931297709
1.0083888818975164
1.8091603053435115
1.0082559493429568
1.8015267175572518
1.0081182688687624
1.7938931297709924
1.0079759196536928
1.7862595419847327
1.0078289835614569
1.7786259541984732
1.0076775450936337
1.7709923664122136
1.0075216913410767
1.7633587786259541
1.0073615119338288
1.7557251908396947
1.0071970989895762
1.7480916030534350
1.0070285470606732
1.7404580152671756
1.0068559530797654
1.7328244274809159
1.0066794163040451
1.7251908396946565
1.0064990382581691
1.7175572519083968
1.0063149226758730
1.7099236641221374
1.0061271754403145
1.7022900763358777
1.0059359045231817
1.6946564885496183
1.0057412199225992
1.6870229007633588
1.0055432335998686
1.6793893129770991
1.0053420594150819
1.6717557251908397
1.0051378130616406
1.6641221374045800
1.0049306119997214
1.6564885496183206
1.0047205753887272
1.6488549618320609
1.0045078240187579
1.6412213740458015
1.0042924802411466
1.6335877862595418
1.0040746678980959
1.6259541984732824
1.0038545122514573
1.6183206106870229
1.0036321399106940
1.6106870229007633
1.0034076787600699
1.6030534351145038
1.0031812578851038
1.5954198473282442
1.0029530074983337
1.5877862595419847
1.0027230588644331
1.5801526717557250
1.0024915442247211
1.5725190839694656
1.0022585967211126
1.5648854961832059
1.0020243503195490
1.5572519083969465
1.0017889397329558
1.5496183206106871
1.0015525003437706
1.5419847328244274
1.0013151681260859
1.5343511450381679
1.0010770795674511
1.5267175572519083
1.0008383715903808
1.5190839694656488
1.0005991814736108
1.5114503816793892
1.0003596467731517
1.5038167938931297
1.0001199052431804
1.4961832061068703
0.9998800947568195
1.4885496183206106
0.9996403532268482
1.4809160305343512
0.9994008185263890
1.4732824427480915
0.9991616284096192
1.4656488549618321
0.9989229204325488
1.4580152671755724
0.9986848318739141
1.4503816793893129
0.9984474996562293
1.4427480916030533
0.9982110602670441
1.4351145038167938
0.9979756496804509
1.4274809160305344
0.9977414032788874
1.4198473282442747
0.9975084557752788
1.4122137404580153
0.9972769411355669
1.4045801526717556
0.9970469925016662
1.3969465648854962
0.9968187421148962
1.3893129770992365
0.9965923212399300
1.3816793893129771
0.9963678600893060
1.3740458015267174
0.9961454877485427
1.3664122137404580
0.9959253321019039
1.3587786259541985
0.9957075197588533
1.3511450381679388
0.9954921759812421
1.3435114503816794
0.9952794246112728
1.3358778625954197
0.9950693880002786
1.3282442748091603
0.9948621869383594
1.3206106870229006
0.9946579405849180
1.3129770992366412
0.9944567664001313
1.3053435114503815
0.9942587800774008
1.2977099236641221
0.9940640954768181
1.2900763358778626
0.9938728245596854
1.2824427480916030
0.9936850773241269
1.2748091603053435
0.9935009617418308
1.2671755725190839
0.9933205836959548
1.2595419847328244
0.9931440469202345
1.2519083969465647
0.9929714529393268
1.2442748091603053
0.9928029010104238
1.2366412213740459
0.9926384880661712
1.2290076335877862
0.9924783086589232
1.2213740458015268
0.9923224549063663
1.2137404580152671
0.9921710164385430
1.2061068702290076
0.9920240803463071
1.1984732824427480
0.9918817311312375
1.1908396946564885
0.9917440506570431
1.1832061068702289
0.9916111181024835
1.1755725190839694
0.9914830099158335
1.1679389312977100
0.9913597997709193
1.1603053435114503
0.9912415585247483
1.1526717557251909
0.9911283541767608
1.1450381679389312
0.9910202518297241
1.1374045801526718
0.9909173136522917
1.1297709923664121
0.9908195988432515
1.1221374045801527
0.9907271635974810
1.1145038167938930
0.9906400610736296
1.1068702290076335
0.9905583413635481
1.0992366412213741
0.9904820514634816
1.0916030534351144
0.9904112352470413
1.0839694656488550
0.9903459334399745
1.0763358778625953
0.9902861835967425
1.0687022900763359
0.9902320200789241
1.0610687022900762
0.9901834740354546
1.0534351145038168
0.9901405733847115
1.0458015267175571
0.9901033427984600
1.0381679389312977
0.9900718036876637
1.0305343511450382
0.9900459741901717
1.0229007633587786
0.9900258691602877
1.0152671755725191
0.9900115001602272
1.0076335877862594
0.9900028754534684
1.0000000000000000
0.9900000000000000
0.9923664122137404
0.9900028754534684
0.9847328244274809
0.9900115001602272
0.9770992366412213
0.9900258691602877
0.9694656488549618
0.9900459741901717
0.9618320610687022
0.9900718036876637
0.9541984732824427
0.9901033427984600
0.9465648854961831
0.9901405733847115
0.9389312977099237
0.9901834740354546
0.9312977099236641
0.9902320200789242
0.9236641221374046
0.9902861835967425
0.9160305343511450
0.9903459334399745
0.9083969465648855
0.9904112352470413
0.9007633587786259
0.9904820514634816
0.8931297709923663
0.9905583413635483
0.8854961832061068
0.9906400610736296
0.8778625954198473
0.9907271635974810
0.8702290076335878
0.9908195988432517
0.8625954198473282
0.9909173136522917
0.8549618320610687
0.9910202518297241
0.8473282442748091
0.9911283541767609
0.8396946564885496
0.9912415585247483
0.8320610687022900
0.9913597997709193
0.8244274809160305
0.9914830099158336
0.8167938931297709
0.9916111181024835
0.8091603053435115
0.9917440506570432
0.8015267175572519
0.9918817311312375
0.7938931297709924
0.9920240803463071
0.7862595419847328
0.9921710164385431
0.7786259541984732
0.9923224549063663
0.7709923664122137
0.9924783086589233
0.7633587786259541
0.9926384880661712
0.7557251908396946
0.9928029010104238
0.7480916030534351
0.9929714529393269
0.7404580152671756
0.9931440469202346
0.7328244274809160
0.9933205836959549
0.7251908396946565
0.9935009617418308
0.7175572519083969
0.9936850773241270
0.7099236641221374
0.9938728245596854
0.7022900763358778
0.9940640954768182
0.6946564885496183
0.9942587800774008
0.6870229007633587
0.9944567664001313
0.6793893129770993
0.9946579405849180
0.6717557251908397
0.9948621869383595
0.6641221374045801
0.9950693880002786
0.6564885496183206
0.9952794246112729
0.6488549618320610
0.9954921759812421
0.6412213740458015
0.9957075197588533
0.6335877862595419
0.9959253321019040
0.6259541984732824
0.9961454877485427
0.6183206106870229
0.9963678600893060
0.6106870229007634
0.9965923212399301
0.6030534351145038
0.9968187421148962
0.5954198473282443
0.9970469925016662
0.5877862595419847
0.9972769411355669
0.5801526717557252
0.9975084557752789
0.5725190839694656
0.9977414032788874
0.5648854961832060
0.9979756496804510
0.5572519083969465
0.9982110602670442
0.5496183206106871
0.9984474996562294
0.5419847328244275
0.9986848318739142
0.5343511450381679
0.9989229204325489
0.5267175572519084
0.9991616284096193
0.5190839694656488
0.9994008185263891
0.5114503816793893
0.9996403532268482
0.5038167938931297
0.9998800947568196
0.4961832061068702
1.0001199052431804
0.4885496183206107
1.0003596467731519
0.4809160305343511
1.0005991814736110
0.4732824427480916
1.0008383715903808
0.4656488549618321
1.0010770795674511
0.4580152671755725
1.0013151681260859
0.4503816793893129
1.0015525003437706
0.4427480916030534
1.0017889397329558
0.4351145038167939
1.0020243503195490
0.4274809160305343
1.0022585967211126
0.4198473282442748
1.0024915442247211
0.4122137404580152
1.0027230588644331
0.4045801526717557
1.0029530074983337
0.3969465648854962
1.0031812578851038
0.3893129770992366
1.0034076787600699
0.3816793893129771
1.0036321399106940
0.3740458015267176
1.0038545122514573
0.3664122137404580
1.0040746678980961
0.3587786259541985
1.0042924802411468
0.3511450381679389
1.0045078240187579
0.3435114503816794
1.0047205753887272
0.3358778625954199
1.0049306119997214
0.3282442748091603
1.0051378130616406
0.3206106870229007
1.0053420594150819
0.3129770992366412
1.0055432335998689
0.3053435114503817
1.0057412199225992
0.2977099236641221
1.0059359045231819
0.2900763358778626
1.0061271754403145
0.2824427480916030
1.0063149226758730
0.2748091603053435
1.0064990382581691
0.2671755725190840
1.0066794163040451
0.2595419847328244
1.0068559530797654
0.2519083969465649
1.0070285470606732
0.2442748091603053
1.0071970989895762
0.2366412213740458
1.0073615119338288
0.2290076335877863
1.0075216913410767
0.2213740458015267
1.0076775450936337
0.2137404580152672
1.0078289835614569
0.2061068702290076
1.0079759196536930
0.1984732824427481
1.0081182688687627
0.1908396946564885
1.0082559493429568
0.1832061068702290
1.0083888818975164
0.1755725190839695
1.0085169900841664
0.1679389312977099
1.0086402002290809
0.1603053435114504
1.0087584414752517
0.1526717557251908
1.0088716458232392
0.1450381679389313
1.0089797481702758
0.1374045801526718
1.0090826863477083
0.1297709923664122
1.0091804011567485
0.1221374045801527
1.0092728364025190
0.1145038167938931
1.0093599389263703
0.1068702290076336
1.0094416586364519
0.0992366412213740
1.0095179485365184
0.0916030534351145
1.0095887647529587
0.0839694656488550
1.0096540665600255
0.0763358778625954
1.0097138164032575
0.0687022900763359
1.0097679799210759
0.0610687022900763
1.0098165259645455
0.0534351145038168
1.0098594266152885
0.0458015267175573
1.0098966572015400
0.0381679389312977
1.0099281963123363
0.0305343511450382
1.0099540258098283
0.0229007633587786
1.0099741308397123
0.0152671755725191
1.0099884998397728
0.0076335877862595
1.0099971245465316
0.0000000000000000
1.0100000000000000
