1.9999999999999989
0.9923475229893637
1.9923374215211829
0.9923446618586186
1.9846746791217706
0.9923562140666791
1.9770118304503896
0.9923624290957629
1.9693484752850774
0.9923824545398661
1.9616848562522404
0.9923979271121820
1.9540204412225421
0.9924263899554223
1.9463555439125046
0.9924510819444199
1.9386896619712910
0.9924879302162516
1.9310230243514614
0.9925217815987697
1.9233553330378430
0.9925669489451292
1.9156865685606088
0.9926098755472915
1.9080168113201657
0.9926632803851294
1.9003456280145439
0.9927151737873624
1.8926737044942996
0.9927767187462161
1.8849999997607463
0.9928374449447637
1.8773261524806939
0.9929070140249799
1.8696502558591159
0.9929764107130035
1.8619753981612843
0.9930538642674952
1.8542985389276339
0.9931317336732590
1.8466248244606902
0.9932168994980900
1.8389498799585717
0.9933029980789988
1.8312831271580559
0.9933956271653116
1.8236189368906492
0.9934896040555570
1.8159693772033823
0.9935893571753082
1.8083289349274234
0.9936907860172276
1.8007297047979740
0.9937968530617718
1.7931774336271902
0.9939048937693693
1.7856667041341914
0.9940155808920494
1.7782207579359202
0.9941297386799012
1.7707710237300127
0.9942452123952387
1.7633203647952795
0.9943662502687622
1.7558531632007655
0.9944880836345669
1.7483503534062648
0.9946164751954091
1.7408379289263110
0.9947447194216007
1.7332991157461093
0.9948800800119385
1.7257539105913986
0.9950143154045896
1.7181853329280159
0.9951562245386903
1.7106129304568582
0.9952962022202194
1.7030215235770174
0.9954441828272165
1.6954278767615423
0.9955895965761421
1.6878184373165113
0.9957431095975291
1.6802077157682693
0.9958937389475491
1.6725834778075086
0.9960521128655903
1.6649582328823784
0.9962078986762862
1.6573213972790617
0.9963705610788957
1.6496832666865744
0.9965313104492071
1.6420357248412876
0.9966978999850756
1.6343865737235155
0.9968631836362106
1.6267297146117081
0.9970333455425029
1.6190710675052646
0.9972027158329867
1.6114061278369900
0.9973760854593006
1.6037393326837344
0.9975490852794467
1.5960675044145309
0.9977252856830574
1.5883938607138202
0.9979014485370203
1.5807162404848505
0.9980800943783024
1.5730369134889115
0.9982589472232390
1.5653545905717121
0.9984396431856375
1.5576707621036823
0.9986207050460703
1.5499847735114638
0.9988030493223948
1.5422975303634072
0.9989858347959852
1.5346088899931807
0.9991694193159687
1.5269193182832068
0.9993534379902228
1.5192289882221586
0.9995378510405303
1.5115380790687154
0.9997226107232017
1.5038469491548045
0.9999074384191465
1.4961556225438326
1.0000924453712348
1.4884644912598592
1.0002772731655121
1.4807735793590318
1.0004620329440010
1.4730832451526896
1.0006464462877975
1.4653936677942150
1.0008304651559321
1.4577050204629316
1.0010140501644553
1.4500177688995959
1.0011968359264425
1.4423317705521803
1.0013791808798731
1.4346479307231059
1.0015602431239659
1.4269655949717657
1.0017409399572508
1.4192862531112767
1.0019197932932118
1.4116086170112758
1.0020984401859507
1.4039349563271251
1.0022746036021344
1.3962631101233236
1.0024508052095316
1.3885962959252551
1.0026238056581322
1.3809313361771700
1.0027971766306232
1.3732726673514086
1.0029665476257865
1.3656157855759175
1.0031367110194296
1.3579666100476986
1.0033019954453442
1.3503190430066756
1.0034685865970459
1.3426808857549315
1.0036293367993803
1.3350440228219704
1.0037920009233097
1.3274187489311604
1.0039477876313345
1.3197944815405942
1.0041061633540180
1.3121837279052755
1.0042567941849361
1.3045742563316054
1.0044103086293326
1.2969805747190213
1.0045557244502061
1.2893891333174854
1.0047037060889690
1.2818166940274494
1.0048436858830843
1.2742480798396305
1.0049855960697414
1.2667028361210666
1.0051198335978717
1.2591639845435956
1.0052551952447926
1.2516515197065525
1.0053834416291920
1.2441486694727586
1.0055118342507250
1.2366814255284886
1.0056336698155908
1.2292307238965718
1.0057547087963270
1.2217809448786954
1.0058701846582394
1.2143349530078649
1.0059843434723490
1.2068241757732281
1.0060950327001406
1.1992718554438073
1.0062030744387545
1.1916725747547190
1.0063091435833671
1.1840320805147349
1.0064105735743154
1.1763824677856716
1.0065103287947561
1.1687182229774091
1.0066043068034674
1.1610514148352911
1.0066969379104991
1.1533764135530429
1.0067830375698541
1.1457026416808733
1.0068682053125924
1.1380257236162001
1.0069460757434296
1.1303508066053556
1.0070235310971487
1.1226748493467422
1.0070929287498411
1.1150009411709041
1.0071624994820743
1.1073271745521478
1.0072232265700443
1.0996551889029127
1.0072847730255283
1.0919839424606248
1.0073366672386590
1.0843141219483055
1.0073900733989505
1.0766452934548676
1.0074330007243133
1.0689775380337474
1.0074781692115680
1.0613108356938608
1.0075120212272315
1.0536448889954459
1.0075488704458451
1.0459799265738485
1.0075735629743845
1.0383154464836870
1.0076020265638519
1.0306517628249259
1.0076174995790135
1.0229883430844109
1.0076375255638788
1.0153254307107500
1.0076437409400096
1.0076626246286975
1.0076552934843417
0.9999999837173829
1.0076524325721945
0.9923373428045473
1.0076552938742824
0.9846745409620554
1.0076437417135899
0.9770116329041251
1.0076375267521751
0.9693482213344766
1.0076175011790260
0.9616845460665288
1.0076020286014835
0.9540200775306960
1.0075735654708646
0.9463551269703511
1.0075488734122453
0.9386891948437744
1.0075120247155518
0.9310225074522582
1.0074781732111442
0.9233547694752684
1.0074330053220639
0.9156859588942351
1.0073900785602723
0.9080161587266078
1.0073366730864102
0.9003449332114070
1.0072847795006663
0.8926729707655852
1.0072232338340668
0.8849992280263496
1.0071625074460528
0.8773253459626257
1.0070929376145674
0.8696494156195614
1.0070235407451817
0.8619745273956708
1.0069460864170956
0.8542976388951254
1.0068682168564345
0.8466238984018990
1.0067830502652793
0.8389489293755953
1.0066969515738957
0.8312821551295178
1.0066043217524956
0.8236179451009490
1.0065103448121469
0.8159683687655122
1.0064105910151073
0.8083279119300861
1.0063091621999087
0.8007286700335104
1.0062030945988527
0.7931763893943623
1.0060950540922411
0.7856656529670228
1.0059843665251804
0.7782197027367335
1.0058702090361022
0.7707699665226674
1.0057547349794138
0.7633193091123007
1.0056336974765381
0.7558521103730889
1.0055118638767337
0.7483493070987678
1.0053834728443765
0.7408368898986862
1.0052552285594163
0.7332980875293164
1.0051198686209672
0.7257528935394700
1.0049856333343039
0.7181843305616568
1.0048437249776752
0.7106119428943432
1.0047037475637932
0.7030205546066994
1.0045557678702108
0.6954269263500531
1.0044103545644651
0.6878175094003499
1.0042568424240772
0.6802068103687918
1.0041062139221897
0.6725825986576199
1.0039478408622768
0.6649573802361508
1.0037920562841931
0.6573205743539717
1.0036293949234871
0.6496824739352151
1.0034686469393592
0.6420349649867646
1.0033020586291495
0.6343858473351430
1.0031367765045982
0.6267290240268630
1.0029666160004729
0.6190704133702729
1.0027972473690232
0.6114055121203602
1.0026238793110276
0.6037387560677681
1.0024508812723556
0.5960669685157416
1.0022746825893463
0.5883933662091582
1.0020985216274960
0.5807157886726153
1.0019198776432425
0.5730365050102231
1.0017410267879754
0.5653542264334704
1.0015603328009235
0.5576704428807084
1.0013792730136426
0.5499844999388906
1.0011969308112574
0.5422973029215362
1.0010141474791017
0.5346087091674712
1.0008305651103762
0.5269191844335215
1.0006465486298706
0.5192289015990117
1.0004621377856229
0.5115380398822231
1.0002773803320957
0.5038469574596282
1.0000925548740223
0.4961556783916224
0.9999075501699325
0.4884645945050176
0.9997227246215349
0.4807737298467512
0.9995379670917122
0.4730834426037833
0.9993535559785484
0.4653939118763197
0.9991695393441331
0.4577053107529707
0.9989859565280564
0.4500181048276476
0.9988031729676456
0.4423321515680769
0.9986208301460998
0.4346483559835461
0.9984397700544198
0.4269660639069050
0.9982590752720523
0.4192867647412916
0.9980802240288744
0.4116091705825266
0.9979015790866637
0.4039355502821576
0.9977254176790923
0.3962637436666746
0.9975492178983031
0.3885969671054192
0.9973762193596956
0.3809320442922661
0.9972028500736542
0.3732734103968177
0.9970334808870102
0.3656165628829243
0.9968633190329322
0.3579674192154136
0.9966980363029255
0.3503198834450184
0.9965314465326168
0.3426817546580831
0.9963706979044799
0.3350449197238684
0.9962080349956915
0.3274196705432715
0.9960522497271107
0.3197954276023036
0.9958938750517220
0.3121846947009022
0.9957432452905108
0.3045752438275208
0.9955897319357273
0.2969815789629265
0.9954443167905908
0.2893901543266310
0.9952963362915377
0.2818177277572972
0.9951563570093164
0.2742491261153973
0.9950144478302361
0.2667038909381372
0.9948802106544825
0.2591650474143616
0.9947448498872085
0.2516525869278836
0.9946166037025029
0.2441497402125103
0.9944882118327262
0.2366824965297270
0.9943663763084553
0.2292317939899516
0.9942453379336189
0.2217820114200300
0.9941298620175605
0.2143360144558823
0.9940157037611440
0.2068252299974739
0.9939050144107580
0.1992729004579144
0.9937969731563131
0.1916736084439333
0.9936909037591911
0.1840331002540649
0.9935894740930654
0.1763834714635235
0.9934897184875815
0.1687192075976038
0.9933957407189065
0.1610523784562787
0.9933031091542769
0.1533773528781329
0.9932170096535633
0.1457035550929846
0.9931318414027230
0.1380266078449740
0.9930539710635639
0.1303516602949238
0.9929765151784428
0.1226756691747677
0.9929071175701545
0.1150017259345002
0.9928375463001312
0.1073279208042804
0.9927768192193892
0.0996558957131035
0.9927152722511057
0.0919846065366850
0.9926633780274100
0.0843147425213858
0.9926099713972280
0.0766458672317966
0.9925670440562960
0.0689780644050816
0.9925218751684411
0.0613113113432999
0.9924880231470515
0.0536453135531314
0.9924511736164152
0.0459802973136253
0.9924264811098089
0.0383157631264168
0.9923980173178111
0.0306520224106042
0.9923825443602637
0.0229885453764092
0.9923625182995606
0.0153255718551032
0.9923563030264511
0.0076627045781797
0.9923447505548411
0.0000000000000000
0.9923476116370307
