1.9999999999999989
0.9939570656475998
1.9923195178725712
0.9939542076391172
1.9846389354892606
0.9939639346866583
1.9769582565972719
0.9939682981470273
1.9692772663871385
0.9939846959054357
1.9615960406858741
0.9939964484412067
1.9539143431803303
0.9940194869164248
1.9462322204876996
0.9940385973178988
1.9385495532063055
0.9940682336559417
1.9308662252933475
0.9940946522818083
1.9231823878893344
0.9941308324035653
1.9154976190720092
0.9941644891331218
1.9078124941952679
0.9942071471565415
1.9001261397340665
0.9942479515308678
1.8924397622183784
0.9942970093650862
1.8847518617513155
0.9943448493680233
1.8770646036284733
0.9944002145750821
1.8693756219929083
0.9944549547130888
1.8616885222512984
0.9945165166540879
1.8539998202052590
0.9945779921411069
1.8463151564444442
0.9946456151346051
1.8386297416842829
0.9947136237851354
1.8309534445256024
0.9947871108754548
1.8232802710921745
0.9948613645689990
1.8156227077651832
0.9949404513849640
1.8079749348765437
0.9950206074794467
1.8003693210466418
0.9951046276738270
1.7928114420358121
0.9951900689361642
1.7852958951298175
0.9952775470515125
1.7778460136558345
0.9953679517975236
1.7703930250813538
0.9954590974953913
1.7629402118849389
0.9955549594909747
1.7554714210268878
0.9956511449599594
1.7479682997353945
0.9957527968713205
1.7404559873797674
0.9958539835524195
1.7329186564808032
0.9959611584235578
1.7253752387650094
0.9960670085795338
1.7178099634064776
0.9961793669272283
1.7102410503538801
0.9962896930241346
1.7026547253639719
0.9964068464433442
1.6950662424153051
0.9965214124058765
1.6874635277986034
0.9966429220198784
1.6798595759176669
0.9967615578953710
1.6722435933285293
0.9968868587599667
1.6646266898669897
0.9970095507128240
1.6569996744138114
0.9971381624808521
1.6493715228437884
0.9972647915233689
1.6417353381152460
0.9973964306188611
1.6340977654865392
0.9975266544509129
1.6264536853913221
0.9976610463037924
1.6188080780874254
0.9977945082817763
1.6111572075636686
0.9979313710562874
1.6035047664004600
0.9980677074043925
1.5958481518842971
0.9982067501063733
1.5881900135809623
0.9983455904787047
1.5805285908906905
0.9984865160224592
1.5728657423424273
0.9986274850862153
1.5652004274851778
0.9987699889870900
1.5575338605959652
0.9989127060522491
1.5498655135437871
0.9990564790266745
1.5421961246981248
0.9992005598047065
1.5345255821306003
0.9993452878169785
1.5268542678346708
0.9994903445913077
1.5191823198539445
0.9996357107600943
1.5115098914462219
0.9997813540234967
1.5038372720434812
0.9999270396406477
1.4961644928069322
1.0000728787757902
1.4884918724832112
1.0002185644654904
1.4808194422125240
1.0003642077981811
1.4731474914219267
1.0005095741838250
1.4654761732284955
1.0006546311005817
1.4578056259098537
1.0007993594753453
1.4501362312498172
1.0009434404659288
1.4424678775086990
1.0010872139428684
1.4348013026940503
1.0012299312913606
1.4271359789160483
1.0013724358401945
1.4194731197762185
1.0015134052676271
1.4118116859759928
1.0016543315937172
1.4041535358059680
1.0017931723813787
1.3964969089631523
1.0019322159792414
1.3888444547224521
1.0020685527912223
1.3811935705741136
1.0022054165679981
1.3735479483818709
1.0023388790668157
1.3659038529284675
1.0024732720286169
1.3582662635892173
1.0026034964345907
1.3506300618146068
1.0027351367372499
1.3430018921240452
1.0028617663971311
1.3353748582981382
1.0029903794546766
1.3277579354323830
1.0031130720739545
1.3201419333159907
1.0032383742902808
1.3125379600479912
1.0033570112925803
1.3049352240895815
1.0034785220068740
1.2973467179253053
1.0035930895074754
1.2897603697907294
1.0037102437007410
1.2821914321799655
1.0038205713788637
1.2746261322815309
1.0039329305234330
1.2670826889606261
1.0040387822879966
1.2595453324117798
1.0041459579677199
1.2520329933125265
1.0042471462873481
1.2445298450474482
1.0043487990182500
1.2370610260730959
1.0044449861716267
1.2296081843078022
1.0045408490369692
1.2221551657048415
1.0046319964049872
1.2147052533141831
1.0047224019818994
1.2071896741116963
1.0048098817598903
1.1996317615829766
1.0048953238782283
1.1920261134850421
1.0049793457428486
1.1843783052323624
1.0050595027989935
1.1767207059446219
1.0051385913119517
1.1690474952950491
1.0052128459740171
1.1613711604824182
1.0052863347327439
1.1536857068466460
1.0053543443532229
1.1460010038736435
1.0054219689700379
1.1383122613957186
1.0054834454203017
1.1306251209594811
1.0055450089302980
1.1229360974870519
1.0055997500224743
1.1152487974280956
1.0056551167213283
1.1075608541856499
1.0057029576573948
1.0998744337579887
1.0057520169018350
1.0921880354822349
1.0057928221864418
1.0845028667184493
1.0058354815223225
1.0768180533172464
1.0058691391306986
1.0691341712643774
1.0059053204612090
1.0614507980610453
1.0059317399314180
1.0537680854536131
1.0059613773622644
1.0460859169694863
1.0059804885687316
1.0384041737100318
1.0060035280138151
1.0307229024770004
1.0060152813094092
1.0230418667692207
1.0060316799075006
1.0153611429337752
1.0060360440802107
1.0076805156181001
1.0060457718354296
0.9999999893676739
1.0060429144613587
0.9923194631158625
1.0060457730718524
0.9846388389908763
1.0060360465432892
0.9769581184029963
1.0060316836224572
0.9692770887932695
1.0060152862599849
0.9615958238203264
1.0060035342213245
0.9539140890220246
1.0059804960277496
0.9462319292102765
1.0059613860813041
0.9385492270672993
1.0059317499222511
0.9308658645732274
1.0059053317131090
0.9231819948491491
1.0058691516765570
0.9154971940790793
1.0058354953302129
0.9078120395411182
1.0057928373114575
0.9001256558750740
1.0057520332905179
0.8924392515366516
1.0057029753899620
0.8847513248319429
1.0056551357175136
0.8770640427843724
1.0055997703885942
0.8693750378724800
1.0055450305608220
0.8616879171534200
1.0054834684508001
0.8539991948956619
1.0054219932605277
0.8463145132935248
1.0053543700667278
0.8386290816198504
1.0052863617046393
0.8309527697960243
1.0052128743929505
0.8232795827283094
1.0051386209832076
0.8156220080866144
1.0050595339386545
0.8079742252142825
1.0049793781283973
0.8003686034426234
1.0048953577373660
0.7928107179266625
1.0048099168174576
0.7852951664617444
1.0047224385171603
0.7778452824217659
1.0046320341145369
0.7703922929196705
1.0045408882475195
0.7629394813014494
1.0044450265752110
0.7554706930953929
1.0043488409540529
0.7479675769097840
1.0042471894025402
0.7404552702768826
1.0041460026272584
0.7329179473253770
1.0040388281172759
0.7253745378784312
1.0039329779115518
0.7178092729377090
1.0038206199257844
0.7102403704809839
1.0037102938150231
0.7026540585421518
1.0035931407632119
0.6950655886873688
1.0034785748318018
0.6874628898299221
1.0033570654481863
0.6798589536906334
1.0032384297962964
0.6722429893992604
1.0031131290649842
0.6646261043163743
1.0029904375341547
0.6569991094733267
1.0028618259440683
0.6493709787358847
1.0027351973396013
0.6417348167733692
1.0026035584705986
0.6340972672241942
1.0024733350855508
0.6264532118575908
1.0023389435051286
0.6188076296595970
1.0022054819818509
0.6111567856244844
1.0020686195228272
0.6035043713627432
1.0019322836355307
0.5958477848716733
1.0017932412876629
0.5881896750102621
1.0016544013807109
0.5805282816563359
1.0015134762250848
0.5728654628453570
1.0013725076299536
0.5652001784141109
1.0012300041459070
0.5575336423153674
1.0010872875517394
0.5498653265507868
1.0009435150172532
0.5421959692996419
1.0007994347116524
0.5345254586484068
1.0006547071564382
0.5268541764981195
1.0005096508551869
0.5191822608214137
1.0003642851542942
0.5115098648475587
1.0002186423637556
0.5038372779103681
1.0000729572192693
0.4961645311688590
0.9999271185568249
0.4884919432329102
0.9997814333381628
0.4808195452343922
0.9996357904770107
0.4731476265265631
0.9994904245550191
0.4654763401843607
0.9993453681094850
0.4578058244333851
0.9992006401851715
0.4501364609429625
0.9990565596649681
0.4424681380090399
0.9989127866198552
0.4348015934136972
0.9987700697404073
0.4271362995104495
0.9986275656002275
0.4194734696040571
0.9984865966442714
0.4118120645342270
0.9983456706992568
0.4041539419534365
0.9982068303768232
0.3964973421752825
0.9980677871238955
0.3888449135564841
0.9979314507698928
0.3811940546129174
0.9977945872977408
0.3735484562418270
0.9976611252567930
0.3659043842228089
0.9975267325618523
0.3582668166392057
0.9973965086121004
0.3506306362945126
0.9972648685360764
0.3430024860365011
0.9971382393296939
0.3353754714124646
0.9970096264562814
0.3277585654495010
0.9968869342821797
0.3201425801501732
0.9967616322112811
0.3125386211157257
0.9966429954624454
0.3049358993960641
0.9965214849987000
0.2973474047324454
0.9964069175654718
0.2897610680346888
0.9962897637685656
0.2821921391271576
0.9961794361215266
0.2746268476909631
0.9960670773684537
0.2670834101898899
0.9959612256015977
0.2595460590004833
0.9958540503110634
0.2520337228665550
0.9957528619590604
0.2445305768762181
0.9956512096145038
0.2370617581445323
0.9955550223901075
0.2296089157151448
0.9954591598910453
0.2221558948374115
0.9953680124485683
0.2147059790210462
0.9952776072825519
0.2071903951798983
0.9951901274510684
0.1996324766234510
0.9951046857709686
0.1920268212521436
0.9950206638303219
0.1843790038599102
0.9949405071781475
0.1767213940841268
0.9948614185568712
0.1690481707504364
0.9947871643038563
0.1613718219784470
0.9947136754440645
0.1536863519369598
0.9946456662332224
0.1460016315310153
0.9945780415337795
0.1383128692489000
0.9945165654959924
0.1306257081670273
0.9944550019355445
0.1229366616697410
0.9944002612666155
0.1152493378177408
0.9943448945531325
0.1075613682984977
0.9942970540487708
0.0998749210184238
0.9942479948432014
0.0921884935634385
0.9942071900059699
0.0845032951269554
0.9941645307668391
0.0768184496979550
0.9941308736215069
0.0691345352184799
0.9940946924584741
0.0614511272115473
0.9940682734715599
0.0537683795651682
0.9940386362861492
0.0460861741230214
0.9940195255864058
0.0384043937250120
0.9939964864715305
0.0307230833065477
0.9939847337108506
0.0230420082071048
0.9939683355393061
0.0153612415892712
0.9939639719175587
0.0076805714462618
0.9939542446851185
0.0000000000000000
0.9939571026590007
