0.343750
0.338076
0.626596
0.626031
0.648344
0.642817
0.338076
0.338074
0.626031
0.625000
0.642817
0.643650
0.338074
0.343750
0.625000
0.625000
0.643650
0.649636
0.343750
0.343750
0.625000
0.626596
0.649636
0.648344
0.338076
0.330519
0.626031
0.625000
0.642817
0.634593
0.330519
0.337340
0.625000
0.625000
0.634593
0.642817
0.337340
0.338076
0.625000
0.626031
0.642817
0.642817
0.338076
0.337340
0.626031
0.625000
0.642817
0.642817
0.337340
0.338074
0.625000
0.625000
0.642817
0.643650
0.338074
0.338076
0.625000
0.626031
0.643650
0.642817
0.332323
0.338671
0.636792
0.637788
0.625000
0.632241
0.338671
0.339397
0.637788
0.645011
0.632241
0.625000
0.339397
0.332323
0.645011
0.636792
0.625000
0.625000
0.323399
0.328377
0.625000
0.625000
0.625000
0.631963
0.328377
0.328852
0.625000
0.632388
0.631963
0.625000
0.328852
0.323399
0.632388
0.625000
0.625000
0.625000
0.343750
0.343203
0.649201
0.649129
0.625584
0.625000
0.343203
0.339397
0.649129
0.645011
0.625000
0.625000
0.339397
0.338671
0.645011
0.637788
0.625000
0.632241
0.338671
0.343750
0.637788
0.643282
0.632241
0.632241
0.343750
0.343750
0.643282
0.649201
0.632241
0.625584
0.343750
0.338671
0.638368
0.637788
0.637423
0.632241
0.338671
0.338076
0.637788
0.626031
0.632241
0.642817
0.338076
0.343750
0.626031
0.632731
0.642817
0.642817
0.343750
0.343750
0.632731
0.638368
0.642817
0.637423
0.338671
0.332323
0.637788
0.636792
0.632241
0.625000
0.332323
0.328852
0.636792
0.632388
0.625000
0.625000
0.328852
0.328377
0.632388
0.625000
0.625000
0.631963
0.328377
0.328591
0.625000
0.625000
0.631963
0.632241
0.328591
0.338671
0.625000
0.637788
0.632241
0.632241
0.338671
0.328591
0.637788
0.625000
0.632241
0.632241
0.328591
0.330519
0.625000
0.625000
0.632241
0.634593
0.330519
0.338076
0.625000
0.626031
0.634593
0.642817
0.338076
0.338671
0.626031
0.637788
0.642817
0.632241
0.343203
0.343750
0.649129
0.649201
0.625000
0.625584
0.343750
0.343750
0.649201
0.649676
0.625584
0.625000
0.343750
0.343203
0.649676
0.649129
0.625000
0.625000
0.343750
0.338671
0.643282
0.637788
0.632241
0.632241
0.338671
0.343750
0.637788
0.638368
0.632241
0.637423
0.343750
0.343750
0.638368
0.643282
0.637423
0.632241
0.343750
0.338076
0.632731
0.626031
0.642817
0.642817
0.338076
0.343750
0.626031
0.626596
0.642817
0.648344
0.343750
0.343750
0.626596
0.632731
0.648344
0.642817
