0.343750
0.341859
0.625876
0.625876
0.646932
0.646932
0.343750
0.339967
0.625344
0.625344
0.645367
0.645367
0.343750
0.335312
0.625344
0.625344
0.640076
0.640076
0.343750
0.337830
0.625344
0.625344
0.643095
0.643095
0.343750
0.336797
0.639864
0.639864
0.627414
0.627414
0.343750
0.326876
0.627463
0.627463
0.627321
0.627321
0.343750
0.343568
0.647204
0.647204
0.627608
0.627608
0.343750
0.342117
0.645807
0.645807
0.627414
0.627414
0.343750
0.340606
0.642027
0.642027
0.629827
0.629827
0.343750
0.342057
0.636295
0.636295
0.637494
0.637494
0.343750
0.340166
0.632183
0.632183
0.639292
0.639292
0.343750
0.333195
0.633193
0.633193
0.629827
0.629827
0.343750
0.329922
0.631393
0.631393
0.627414
0.627414
0.343750
0.328606
0.627463
0.627463
0.629735
0.629735
0.343750
0.335113
0.629606
0.629606
0.635766
0.635766
0.343750
0.332395
0.625344
0.625344
0.636550
0.636550
0.343750
0.343568
0.649335
0.649335
0.625195
0.625195
0.343750
0.342057
0.639812
0.639812
0.633968
0.633968
0.343750
0.341859
0.628453
0.628453
0.644659
0.644659
