0.629208
0.628733
0.641734
0.653419
0.682871
0.673538
0.628733
0.615579
0.653419
0.653051
0.673538
0.682871
0.615579
0.629208
0.653051
0.641734
0.682871
0.682871
0.629208
0.615579
0.641734
0.653051
0.682871
0.682871
0.615579
0.616012
0.653051
0.641361
0.682871
0.691790
0.616012
0.629208
0.641361
0.641734
0.691790
0.682871
0.615579
0.600964
0.653051
0.663063
0.682871
0.682871
0.600964
0.601598
0.663063
0.652052
0.682871
0.691790
0.601598
0.615579
0.652052
0.653051
0.691790
0.682871
0.626881
0.625582
0.674637
0.684195
0.653715
0.643270
0.625582
0.612788
0.684195
0.684053
0.643270
0.653715
0.612788
0.626881
0.684053
0.674637
0.653715
0.653715
0.625582
0.611466
0.684195
0.693065
0.643270
0.643270
0.611466
0.612788
0.693065
0.684053
0.643270
0.653715
0.612788
0.625582
0.684053
0.684195
0.653715
0.643270
0.628733
0.627943
0.653419
0.664381
0.673538
0.663812
0.627943
0.614872
0.664381
0.664055
0.663812
0.673538
0.614872
0.628733
0.664055
0.653419
0.673538
0.673538
0.628733
0.614872
0.653419
0.664055
0.673538
0.673538
0.614872
0.615579
0.664055
0.653051
0.673538
0.682871
0.615579
0.628733
0.653051
0.653419
0.682871
0.673538
0.615579
0.614872
0.653051
0.664055
0.682871
0.673538
0.614872
0.600964
0.664055
0.663063
0.673538
0.682871
0.600964
0.615579
0.663063
0.653051
0.682871
0.682871
0.627943
0.626881
0.664381
0.674637
0.663812
0.653715
0.626881
0.613932
0.674637
0.674385
0.653715
0.663812
0.613932
0.627943
0.674385
0.664381
0.663812
0.663812
0.627943
0.613932
0.664381
0.674385
0.663812
0.663812
0.613932
0.614872
0.674385
0.664055
0.663812
0.673538
0.614872
0.627943
0.664055
0.664381
0.673538
0.663812
0.614872
0.613932
0.664055
0.674385
0.673538
0.663812
0.613932
0.600137
0.674385
0.673442
0.663812
0.673538
0.600137
0.614872
0.673442
0.664055
0.673538
0.673538
0.614872
0.600137
0.664055
0.673442
0.673538
0.673538
0.600137
0.600964
0.673442
0.663063
0.673538
0.682871
0.600964
0.614872
0.663063
0.664055
0.682871
0.673538
0.600964
0.600137
0.663063
0.673442
0.682871
0.673538
0.600137
0.585488
0.673442
0.671683
0.673538
0.682871
0.585488
0.600964
0.671683
0.663063
0.682871
0.682871
0.626881
0.612788
0.674637
0.684053
0.653715
0.653715
0.612788
0.613932
0.684053
0.674385
0.653715
0.663812
0.613932
0.626881
0.674385
0.674637
0.663812
0.653715
0.613932
0.612788
0.674385
0.684053
0.663812
0.653715
0.612788
0.599142
0.684053
0.683198
0.653715
0.663812
0.599142
0.613932
0.683198
0.674385
0.663812
0.663812
0.613932
0.599142
0.674385
0.683198
0.663812
0.663812
0.599142
0.600137
0.683198
0.673442
0.663812
0.673538
0.600137
0.613932
0.673442
0.674385
0.673538
0.663812
0.600137
0.599142
0.673442
0.683198
0.673538
0.663812
0.599142
0.584639
0.683198
0.681510
0.663812
0.673538
0.584639
0.600137
0.681510
0.673442
0.673538
0.673538
0.612788
0.598000
0.684053
0.692335
0.653715
0.653715
0.598000
0.599142
0.692335
0.683198
0.653715
0.663812
0.599142
0.612788
0.683198
0.684053
0.663812
0.653715
0.663063
0.653051
0.600964
0.615579
0.682871
0.682871
0.653051
0.652052
0.615579
0.601598
0.682871
0.691790
0.652052
0.663063
0.601598
0.600964
0.691790
0.682871
0.653051
0.653419
0.615579
0.628733
0.682871
0.673538
0.653419
0.641734
0.628733
0.629208
0.673538
0.682871
0.641734
0.653051
0.629208
0.615579
0.682871
0.682871
0.653051
0.641734
0.615579
0.629208
0.682871
0.682871
0.641734
0.641361
0.629208
0.616012
0.682871
0.691790
0.641361
0.653051
0.616012
0.615579
0.691790
0.682871
0.663421
0.651632
0.651632
0.663421
0.643270
0.643270
0.651632
0.652638
0.663421
0.652638
0.643270
0.653715
0.652638
0.663421
0.652638
0.651632
0.653715
0.643270
0.653419
0.653254
0.628733
0.641081
0.673538
0.663812
0.653254
0.641615
0.641081
0.641615
0.663812
0.673538
0.641615
0.653419
0.641615
0.628733
0.673538
0.673538
0.653419
0.641615
0.628733
0.641615
0.673538
0.673538
0.641615
0.641734
0.641615
0.629208
0.673538
0.682871
0.641734
0.653419
0.629208
0.628733
0.682871
0.673538
0.641734
0.641615
0.629208
0.641615
0.682871
0.673538
0.641615
0.629208
0.641615
0.641734
0.673538
0.682871
0.629208
0.641734
0.641734
0.629208
0.682871
0.682871
0.641734
0.629208
0.629208
0.641734
0.682871
0.682871
0.629208
0.629309
0.641734
0.629309
0.682871
0.691790
0.629309
0.641734
0.629309
0.629208
0.691790
0.682871
0.653254
0.652638
0.641081
0.652638
0.663812
0.653715
0.652638
0.641081
0.652638
0.653254
0.653715
0.663812
0.641081
0.653254
0.653254
0.641081
0.663812
0.663812
0.653254
0.641081
0.641081
0.653254
0.663812
0.663812
0.641081
0.641615
0.653254
0.641615
0.663812
0.673538
0.641615
0.653254
0.641615
0.641081
0.673538
0.663812
0.641615
0.641081
0.641615
0.653254
0.673538
0.663812
0.641081
0.628733
0.653254
0.653419
0.663812
0.673538
0.628733
0.641615
0.653419
0.641615
0.673538
0.673538
0.641615
0.628733
0.641615
0.653419
0.673538
0.673538
0.628733
0.629208
0.653419
0.641734
0.673538
0.682871
0.629208
0.641615
0.641734
0.641615
0.682871
0.673538
0.660770
0.658937
0.672142
0.681233
0.621430
0.610085
0.658937
0.648647
0.681233
0.682712
0.610085
0.621430
0.648647
0.660770
0.682712
0.672142
0.621430
0.621430
0.658937
0.656817
0.681233
0.689560
0.610085
0.598491
0.656817
0.646743
0.689560
0.691240
0.598491
0.610085
0.646743
0.658937
0.691240
0.681233
0.610085
0.610085
0.658937
0.646743
0.681233
0.691240
0.610085
0.610085
0.646743
0.648647
0.691240
0.682712
0.610085
0.621430
0.648647
0.658937
0.682712
0.681233
0.621430
0.610085
0.652638
0.651632
0.652638
0.663421
0.653715
0.643270
0.651632
0.640192
0.663421
0.664143
0.643270
0.653715
0.640192
0.652638
0.664143
0.652638
0.653715
0.653715
0.662279
0.650288
0.662279
0.673442
0.632500
0.632500
0.650288
0.651632
0.673442
0.663421
0.632500
0.643270
0.651632
0.662279
0.663421
0.662279
0.643270
0.632500
0.651632
0.650288
0.663421
0.673442
0.643270
0.632500
0.650288
0.638996
0.673442
0.674295
0.632500
0.643270
0.638996
0.651632
0.674295
0.663421
0.643270
0.643270
0.651632
0.638996
0.663421
0.674295
0.643270
0.643270
0.638996
0.640192
0.674295
0.664143
0.643270
0.653715
0.640192
0.651632
0.664143
0.663421
0.653715
0.643270
0.640192
0.638996
0.664143
0.674295
0.653715
0.643270
0.638996
0.626881
0.674295
0.674637
0.643270
0.653715
0.626881
0.640192
0.674637
0.664143
0.653715
0.653715
0.660770
0.648647
0.672142
0.682712
0.621430
0.621430
0.648647
0.650288
0.682712
0.673442
0.621430
0.632500
0.650288
0.660770
0.673442
0.672142
0.632500
0.621430
0.650288
0.648647
0.673442
0.682712
0.632500
0.621430
0.648647
0.637532
0.682712
0.683722
0.621430
0.632500
0.637532
0.650288
0.683722
0.673442
0.632500
0.632500
0.650288
0.637532
0.673442
0.683722
0.632500
0.632500
0.637532
0.638996
0.683722
0.674295
0.632500
0.643270
0.638996
0.650288
0.674295
0.673442
0.643270
0.632500
0.638996
0.637532
0.674295
0.683722
0.643270
0.632500
0.637532
0.625582
0.683722
0.684195
0.632500
0.643270
0.625582
0.638996
0.684195
0.674295
0.643270
0.643270
0.638996
0.625582
0.674295
0.684195
0.643270
0.643270
0.625582
0.626881
0.684195
0.674637
0.643270
0.653715
0.626881
0.638996
0.674637
0.674295
0.653715
0.643270
0.648647
0.635832
0.682712
0.692430
0.621430
0.621430
0.635832
0.637532
0.692430
0.683722
0.621430
0.632500
0.637532
0.648647
0.683722
0.682712
0.632500
0.621430
0.637532
0.624075
0.683722
0.693065
0.632500
0.632500
0.624075
0.625582
0.693065
0.684195
0.632500
0.643270
0.625582
0.637532
0.684195
0.683722
0.643270
0.632500
0.652638
0.640192
0.652638
0.664143
0.653715
0.653715
0.640192
0.641081
0.664143
0.653254
0.653715
0.663812
0.641081
0.652638
0.653254
0.652638
0.663812
0.653715
0.641081
0.640192
0.653254
0.664143
0.663812
0.653715
0.640192
0.627943
0.664143
0.664381
0.653715
0.663812
0.627943
0.641081
0.664381
0.653254
0.663812
0.663812
0.641081
0.627943
0.653254
0.664381
0.663812
0.663812
0.627943
0.628733
0.664381
0.653419
0.663812
0.673538
0.628733
0.641081
0.653419
0.653254
0.673538
0.663812
0.640192
0.626881
0.664143
0.674637
0.653715
0.653715
0.626881
0.627943
0.674637
0.664381
0.653715
0.663812
0.627943
0.640192
0.664381
0.664143
0.663812
0.653715
0.693065
0.684195
0.611466
0.625582
0.643270
0.643270
0.684195
0.684053
0.625582
0.612788
0.643270
0.653715
0.684053
0.693065
0.612788
0.611466
0.653715
0.643270
0.684053
0.684195
0.612788
0.625582
0.653715
0.643270
0.684195
0.674637
0.625582
0.626881
0.643270
0.653715
0.674637
0.684053
0.626881
0.612788
0.653715
0.653715
0.681510
0.683198
0.584639
0.599142
0.673538
0.663812
0.683198
0.673442
0.599142
0.600137
0.663812
0.673538
0.673442
0.681510
0.600137
0.584639
0.673538
0.673538
0.671683
0.673442
0.585488
0.600137
0.682871
0.673538
0.673442
0.663063
0.600137
0.600964
0.673538
0.682871
0.663063
0.671683
0.600964
0.585488
0.682871
0.682871
0.692335
0.684053
0.598000
0.612788
0.653715
0.653715
0.684053
0.683198
0.612788
0.599142
0.653715
0.663812
0.683198
0.692335
0.599142
0.598000
0.663812
0.653715
0.683198
0.684053
0.599142
0.612788
0.663812
0.653715
0.684053
0.674385
0.612788
0.613932
0.653715
0.663812
0.674385
0.683198
0.613932
0.599142
0.663812
0.663812
0.683198
0.674385
0.599142
0.613932
0.663812
0.663812
0.674385
0.673442
0.613932
0.600137
0.663812
0.673538
0.673442
0.683198
0.600137
0.599142
0.673538
0.663812
0.673442
0.674385
0.600137
0.613932
0.673538
0.663812
0.674385
0.664055
0.613932
0.614872
0.663812
0.673538
0.664055
0.673442
0.614872
0.600137
0.673538
0.673538
0.673442
0.664055
0.600137
0.614872
0.673538
0.673538
0.664055
0.663063
0.614872
0.600964
0.673538
0.682871
0.663063
0.673442
0.600964
0.600137
0.682871
0.673538
0.663063
0.664055
0.600964
0.614872
0.682871
0.673538
0.664055
0.653051
0.614872
0.615579
0.673538
0.682871
0.653051
0.663063
0.615579
0.600964
0.682871
0.682871
0.684053
0.674637
0.612788
0.626881
0.653715
0.653715
0.674637
0.674385
0.626881
0.613932
0.653715
0.663812
0.674385
0.684053
0.613932
0.612788
0.663812
0.653715
0.674385
0.674637
0.613932
0.626881
0.663812
0.653715
0.674637
0.664381
0.626881
0.627943
0.653715
0.663812
0.664381
0.674385
0.627943
0.613932
0.663812
0.663812
0.674385
0.664381
0.613932
0.627943
0.663812
0.663812
0.664381
0.664055
0.627943
0.614872
0.663812
0.673538
0.664055
0.674385
0.614872
0.613932
0.673538
0.663812
0.664055
0.664381
0.614872
0.627943
0.673538
0.663812
0.664381
0.653419
0.627943
0.628733
0.663812
0.673538
0.653419
0.664055
0.628733
0.614872
0.673538
0.673538
0.664055
0.653419
0.614872
0.628733
0.673538
0.673538
0.653419
0.653051
0.628733
0.615579
0.673538
0.682871
0.653051
0.664055
0.615579
0.614872
0.682871
0.673538
0.691240
0.689560
0.646743
0.656817
0.610085
0.598491
0.689560
0.681233
0.656817
0.658937
0.598491
0.610085
0.681233
0.691240
0.658937
0.646743
0.610085
0.610085
0.691240
0.681233
0.646743
0.658937
0.610085
0.610085
0.681233
0.682712
0.658937
0.648647
0.610085
0.621430
0.682712
0.691240
0.648647
0.646743
0.621430
0.610085
0.682712
0.681233
0.648647
0.658937
0.621430
0.610085
0.681233
0.672142
0.658937
0.660770
0.610085
0.621430
0.672142
0.682712
0.660770
0.648647
0.621430
0.621430
0.693065
0.683722
0.624075
0.637532
0.632500
0.632500
0.683722
0.684195
0.637532
0.625582
0.632500
0.643270
0.684195
0.693065
0.625582
0.624075
0.643270
0.632500
0.684195
0.683722
0.625582
0.637532
0.643270
0.632500
0.683722
0.674295
0.637532
0.638996
0.632500
0.643270
0.674295
0.684195
0.638996
0.625582
0.643270
0.643270
0.684195
0.674295
0.625582
0.638996
0.643270
0.643270
0.674295
0.674637
0.638996
0.626881
0.643270
0.653715
0.674637
0.684195
0.626881
0.625582
0.653715
0.643270
0.674637
0.674295
0.626881
0.638996
0.653715
0.643270
0.674295
0.664143
0.638996
0.640192
0.643270
0.653715
0.664143
0.674637
0.640192
0.626881
0.653715
0.653715
0.692430
0.682712
0.635832
0.648647
0.621430
0.621430
0.682712
0.683722
0.648647
0.637532
0.621430
0.632500
0.683722
0.692430
0.637532
0.635832
0.632500
0.621430
0.683722
0.682712
0.637532
0.648647
0.632500
0.621430
0.682712
0.673442
0.648647
0.650288
0.621430
0.632500
0.673442
0.683722
0.650288
0.637532
0.632500
0.632500
0.683722
0.673442
0.637532
0.650288
0.632500
0.632500
0.673442
0.674295
0.650288
0.638996
0.632500
0.643270
0.674295
0.683722
0.638996
0.637532
0.643270
0.632500
0.674295
0.673442
0.638996
0.650288
0.643270
0.632500
0.673442
0.663421
0.650288
0.651632
0.632500
0.643270
0.663421
0.674295
0.651632
0.638996
0.643270
0.643270
0.674295
0.663421
0.638996
0.651632
0.643270
0.643270
0.663421
0.664143
0.651632
0.640192
0.643270
0.653715
0.664143
0.674295
0.640192
0.638996
0.653715
0.643270
0.664143
0.663421
0.640192
0.651632
0.653715
0.643270
0.663421
0.652638
0.651632
0.652638
0.643270
0.653715
0.652638
0.664143
0.652638
0.640192
0.653715
0.653715
0.682712
0.672142
0.648647
0.660770
0.621430
0.621430
0.672142
0.673442
0.660770
0.650288
0.621430
0.632500
0.673442
0.682712
0.650288
0.648647
0.632500
0.621430
0.673442
0.662279
0.650288
0.662279
0.632500
0.632500
0.662279
0.663421
0.662279
0.651632
0.632500
0.643270
0.663421
0.673442
0.651632
0.650288
0.643270
0.632500
0.674637
0.664143
0.626881
0.640192
0.653715
0.653715
0.664143
0.664381
0.640192
0.627943
0.653715
0.663812
0.664381
0.674637
0.627943
0.626881
0.663812
0.653715
0.664381
0.664143
0.627943
0.640192
0.663812
0.653715
0.664143
0.653254
0.640192
0.641081
0.653715
0.663812
0.653254
0.664381
0.641081
0.627943
0.663812
0.663812
0.664381
0.653254
0.627943
0.641081
0.663812
0.663812
0.653254
0.653419
0.641081
0.628733
0.663812
0.673538
0.653419
0.664381
0.628733
0.627943
0.673538
0.663812
0.664143
0.652638
0.640192
0.652638
0.653715
0.653715
0.652638
0.653254
0.652638
0.641081
0.653715
0.663812
0.653254
0.664143
0.641081
0.640192
0.663812
0.653715
0.689560
0.687446
0.656817
0.666063
0.598491
0.586673
0.687446
0.679339
0.666063
0.668411
0.586673
0.598491
0.679339
0.689560
0.668411
0.656817
0.598491
0.598491
0.689560
0.679339
0.656817
0.668411
0.598491
0.598491
0.679339
0.681233
0.668411
0.658937
0.598491
0.610085
0.681233
0.689560
0.658937
0.656817
0.610085
0.598491
0.681233
0.679339
0.658937
0.668411
0.610085
0.598491
0.679339
0.670450
0.668411
0.670450
0.598491
0.610085
0.670450
0.681233
0.670450
0.658937
0.610085
0.610085
0.681233
0.670450
0.658937
0.670450
0.610085
0.610085
0.670450
0.672142
0.670450
0.660770
0.610085
0.621430
0.672142
0.681233
0.660770
0.658937
0.621430
0.610085
0.672142
0.670450
0.660770
0.670450
0.621430
0.610085
0.670450
0.660770
0.670450
0.672142
0.610085
0.621430
0.660770
0.672142
0.672142
0.660770
0.621430
0.621430
0.679339
0.677077
0.668411
0.677077
0.598491
0.586673
0.677077
0.668411
0.677077
0.679339
0.586673
0.598491
0.668411
0.679339
0.679339
0.668411
0.598491
0.598491
0.679339
0.668411
0.668411
0.679339
0.598491
0.598491
0.668411
0.670450
0.679339
0.670450
0.598491
0.610085
0.670450
0.679339
0.670450
0.668411
0.610085
0.598491
0.670450
0.668411
0.670450
0.679339
0.610085
0.598491
0.668411
0.658937
0.679339
0.681233
0.598491
0.610085
0.658937
0.670450
0.681233
0.670450
0.610085
0.610085
0.670450
0.658937
0.670450
0.681233
0.610085
0.610085
0.658937
0.660770
0.681233
0.672142
0.610085
0.621430
0.660770
0.670450
0.672142
0.670450
0.621430
0.610085
0.668411
0.666063
0.679339
0.687446
0.598491
0.586673
0.666063
0.656817
0.687446
0.689560
0.586673
0.598491
0.656817
0.668411
0.689560
0.679339
0.598491
0.598491
0.668411
0.656817
0.679339
0.689560
0.598491
0.598491
0.656817
0.658937
0.689560
0.681233
0.598491
0.610085
0.658937
0.668411
0.681233
0.679339
0.610085
0.598491
0.673442
0.672142
0.650288
0.660770
0.632500
0.621430
0.672142
0.662279
0.660770
0.662279
0.621430
0.632500
0.662279
0.673442
0.662279
0.650288
0.632500
0.632500
0.663421
0.662279
0.651632
0.662279
0.643270
0.632500
0.662279
0.651632
0.662279
0.663421
0.632500
0.643270
0.651632
0.663421
0.663421
0.651632
0.643270
0.643270
0.672142
0.660770
0.660770
0.672142
0.621430
0.621430
0.660770
0.662279
0.672142
0.662279
0.621430
0.632500
0.662279
0.672142
0.662279
0.660770
0.632500
0.621430
0.662279
0.660770
0.662279
0.672142
0.632500
0.621430
0.660770
0.650288
0.672142
0.673442
0.621430
0.632500
0.650288
0.662279
0.673442
0.662279
0.632500
0.632500
