0.341859
0.341706
0.625876
0.625993
0.646932
0.647077
0.339967
0.339868
0.625344
0.625419
0.645367
0.645461
0.335312
0.335176
0.625344
0.625440
0.640076
0.640188
0.337830
0.337816
0.625344
0.625353
0.643095
0.643107
0.336797
0.335845
0.639864
0.640683
0.627414
0.628136
0.326876
0.326053
0.627463
0.628070
0.627321
0.627909
0.343568
0.343505
0.647204
0.647262
0.627608
0.627660
0.342117
0.341640
0.645807
0.646248
0.627414
0.627806
0.340606
0.339970
0.642027
0.642615
0.629827
0.630351
0.342057
0.341540
0.636295
0.636734
0.637494
0.637952
0.340166
0.339032
0.632183
0.633143
0.639292
0.640295
0.333195
0.331714
0.633193
0.634361
0.629827
0.630966
0.329922
0.329412
0.631393
0.631795
0.627414
0.627806
0.328606
0.328574
0.627463
0.627489
0.629735
0.629760
0.335113
0.332949
0.629606
0.631312
0.635766
0.637541
0.332395
0.332356
0.625344
0.625374
0.636550
0.636582
0.343568
0.343563
0.649335
0.649340
0.625195
0.625199
0.342057
0.341602
0.639812
0.640233
0.633968
0.634368
0.341859
0.341266
0.628453
0.628954
0.644659
0.645216
