0.343438
0.343438
0.625313
0.625313
0.643650
0.649636
0.343438
0.343438
0.625313
0.625313
0.649636
0.648344
0.343438
0.343438
0.625313
0.625313
0.634593
0.642817
0.343438
0.343438
0.625313
0.625313
0.642817
0.643650
0.343438
0.343438
0.625313
0.625313
0.625000
0.625000
0.343438
0.343438
0.625313
0.625313
0.625000
0.631963
0.343438
0.343438
0.625313
0.625313
0.625000
0.625000
0.343438
0.343438
0.625313
0.625313
0.625000
0.625000
0.343438
0.343438
0.625313
0.625313
0.632241
0.625584
0.343438
0.343438
0.625313
0.625313
0.642817
0.637423
0.343438
0.343438
0.625313
0.625313
0.625000
0.625000
0.343438
0.343438
0.625313
0.625313
0.631963
0.632241
0.343438
0.343438
0.625313
0.625313
0.632241
0.634593
0.343438
0.343438
0.625313
0.625313
0.625584
0.625000
0.343438
0.343438
0.625313
0.625313
0.625000
0.625000
0.343438
0.343438
0.625313
0.625313
0.637423
0.632241
0.343438
0.343438
0.625313
0.625313
0.648344
0.642817
