0.343438
0.343438
0.625000
0.625000
0.643650
0.649636
0.343438
0.343438
0.625000
0.626596
0.649636
0.648344
0.343438
0.343438
0.625000
0.625000
0.634593
0.642817
0.343438
0.343438
0.625000
0.625000
0.642817
0.643650
0.343438
0.343438
0.645011
0.636792
0.625000
0.625000
0.343438
0.343438
0.625000
0.625000
0.625000
0.631963
0.343438
0.343438
0.632388
0.625000
0.625000
0.625000
0.343438
0.343438
0.649129
0.645011
0.625000
0.625000
0.343438
0.343438
0.643282
0.649201
0.632241
0.625584
0.343438
0.343438
0.632731
0.638368
0.642817
0.637423
0.343438
0.343438
0.636792
0.632388
0.625000
0.625000
0.343438
0.343438
0.625000
0.625000
0.631963
0.632241
0.343438
0.343438
0.625000
0.625000
0.632241
0.634593
0.343438
0.343438
0.649201
0.649676
0.625584
0.625000
0.343438
0.343438
0.649676
0.649129
0.625000
0.625000
0.343438
0.343438
0.638368
0.643282
0.637423
0.632241
0.343438
0.343438
0.626596
0.632731
0.648344
0.642817
