0.618462
0.615174
0.687500
0.625000
0.607858
0.687500
0.625000
0.615228
0.683180
0.625000
0.625000
0.676550
0.618253
0.625000
0.681198
0.625000
0.618253
0.681198
0.615174
0.618462
0.687500
0.618462
0.615174
0.687500
0.625000
0.615228
0.683180
0.615174
0.618462
0.687500
0.625000
0.615228
0.683180
0.625000
0.618253
0.681198
0.615174
0.618462
0.687500
0.625000
0.618253
0.681198
0.618253
0.625000
0.681198
0.615174
0.618462
0.687500
0.618253
0.625000
0.681198
0.615228
0.625000
0.683180
0.607858
0.625000
0.687500
0.615174
0.618462
0.687500
0.615228
0.625000
0.683180
0.593750
0.607334
0.705191
0.593750
0.600461
0.708697
0.600987
0.600987
0.705191
0.593750
0.620594
0.697694
0.593750
0.613884
0.701679
0.601475
0.614542
0.697694
0.613884
0.593750
0.701679
0.620594
0.593750
0.697694
0.614542
0.601475
0.697694
0.600461
0.593750
0.708697
0.607334
0.593750
0.705191
0.600987
0.600987
0.705191
0.625000
0.607858
0.687500
0.618462
0.615174
0.687500
0.615147
0.615147
0.689690
0.625000
0.607858
0.687500
0.615147
0.615147
0.689690
0.625000
0.604122
0.689690
0.618462
0.615174
0.687500
0.615174
0.618462
0.687500
0.615147
0.615147
0.689690
0.615174
0.618462
0.687500
0.607858
0.625000
0.687500
0.604122
0.625000
0.689690
0.615174
0.618462
0.687500
0.604122
0.625000
0.689690
0.615147
0.615147
0.689690
0.620594
0.593750
0.697694
0.625000
0.593750
0.694943
0.625000
0.601521
0.691141
0.620594
0.593750
0.697694
0.625000
0.601521
0.691141
0.614542
0.601475
0.697694
0.607334
0.593750
0.705191
0.613884
0.593750
0.701679
0.614542
0.601475
0.697694
0.607334
0.593750
0.705191
0.614542
0.601475
0.697694
0.600987
0.600987
0.705191
0.593750
0.593750
0.711728
0.600461
0.593750
0.708697
0.600987
0.600987
0.705191
0.593750
0.593750
0.711728
0.600987
0.600987
0.705191
0.593750
0.600461
0.708697
0.625000
0.601521
0.691141
0.625000
0.604122
0.689690
0.615147
0.615147
0.689690
0.625000
0.601521
0.691141
0.615147
0.615147
0.689690
0.614542
0.601475
0.697694
0.601475
0.614542
0.697694
0.614542
0.601475
0.697694
0.615147
0.615147
0.689690
0.600987
0.600987
0.705191
0.614542
0.601475
0.697694
0.601475
0.614542
0.697694
0.593750
0.613884
0.701679
0.593750
0.607334
0.705191
0.600987
0.600987
0.705191
0.593750
0.613884
0.701679
0.600987
0.600987
0.705191
0.601475
0.614542
0.697694
0.604122
0.625000
0.689690
0.601521
0.625000
0.691141
0.601475
0.614542
0.697694
0.604122
0.625000
0.689690
0.601475
0.614542
0.697694
0.615147
0.615147
0.689690
0.601521
0.625000
0.691141
0.593750
0.625000
0.694943
0.593750
0.620594
0.697694
0.601521
0.625000
0.691141
0.593750
0.620594
0.697694
0.601475
0.614542
0.697694
0.621635
0.687500
0.611903
0.612161
0.687500
0.621325
0.623134
0.680605
0.621325
0.609819
0.686472
0.625000
0.619000
0.680703
0.625000
0.623134
0.680605
0.621325
0.609819
0.686472
0.625000
0.623134
0.680605
0.621325
0.612161
0.687500
0.621325
0.609819
0.686472
0.625000
0.612161
0.687500
0.621325
0.609628
0.687500
0.623665
0.619000
0.680703
0.625000
0.623663
0.677588
0.625000
0.623134
0.680605
0.621325
0.607984
0.687500
0.625000
0.609819
0.686472
0.625000
0.609628
0.687500
0.623665
0.625000
0.679228
0.621325
0.625000
0.680453
0.619484
0.623134
0.680605
0.621325
0.623663
0.677588
0.625000
0.625000
0.676601
0.625000
0.625000
0.679228
0.621325
0.623663
0.677588
0.625000
0.625000
0.679228
0.621325
0.623134
0.680605
0.621325
0.625000
0.687500
0.607980
0.623249
0.687500
0.610099
0.625000
0.686284
0.610099
0.623249
0.687500
0.610099
0.621635
0.687500
0.611903
0.623134
0.680605
0.621325
0.623249
0.687500
0.610099
0.623134
0.680605
0.621325
0.625000
0.680453
0.619484
0.623249
0.687500
0.610099
0.625000
0.680453
0.619484
0.625000
0.686284
0.610099
0.593750
0.701867
0.613673
0.593750
0.697416
0.621325
0.594841
0.696940
0.621325
0.593750
0.697416
0.621325
0.593750
0.696866
0.622198
0.594841
0.696940
0.621325
0.593750
0.695012
0.625000
0.595339
0.694279
0.625000
0.594841
0.696940
0.621325
0.593750
0.695012
0.625000
0.594841
0.696940
0.621325
0.593750
0.696866
0.622198
0.612161
0.687500
0.621325
0.621635
0.687500
0.611903
0.621347
0.688820
0.610099
0.612161
0.687500
0.621325
0.621347
0.688820
0.610099
0.609293
0.689302
0.621325
0.609628
0.687500
0.623665
0.612161
0.687500
0.621325
0.609293
0.689302
0.621325
0.604926
0.689212
0.625000
0.607984
0.687500
0.625000
0.609628
0.687500
0.623665
0.604926
0.689212
0.625000
0.609628
0.687500
0.623665
0.609293
0.689302
0.621325
0.623844
0.695732
0.593750
0.618484
0.699065
0.593750
0.619369
0.696294
0.598589
0.610436
0.703590
0.593750
0.604870
0.706565
0.593750
0.605695
0.703982
0.598589
0.596531
0.710531
0.593750
0.593750
0.711791
0.593750
0.593750
0.710636
0.596440
0.625000
0.688450
0.606324
0.625000
0.692600
0.598589
0.619369
0.696294
0.598589
0.625000
0.688450
0.606324
0.619369
0.696294
0.598589
0.621347
0.688820
0.610099
0.607568
0.696996
0.610099
0.621347
0.688820
0.610099
0.619369
0.696294
0.598589
0.609293
0.689302
0.621325
0.621347
0.688820
0.610099
0.607568
0.696996
0.610099
0.594841
0.696940
0.621325
0.609293
0.689302
0.621325
0.607568
0.696996
0.610099
0.595339
0.694279
0.625000
0.604926
0.689212
0.625000
0.609293
0.689302
0.621325
0.595339
0.694279
0.625000
0.609293
0.689302
0.621325
0.594841
0.696940
0.621325
0.618484
0.699065
0.593750
0.610436
0.703590
0.593750
0.605695
0.703982
0.598589
0.618484
0.699065
0.593750
0.605695
0.703982
0.598589
0.619369
0.696294
0.598589
0.607568
0.696996
0.610099
0.619369
0.696294
0.598589
0.605695
0.703982
0.598589
0.593750
0.704160
0.609628
0.593750
0.703913
0.610099
0.607568
0.696996
0.610099
0.593750
0.704160
0.609628
0.607568
0.696996
0.610099
0.605695
0.703982
0.598589
0.593750
0.703913
0.610099
0.593750
0.701867
0.613673
0.594841
0.696940
0.621325
0.593750
0.703913
0.610099
0.594841
0.696940
0.621325
0.607568
0.696996
0.610099
0.604870
0.706565
0.593750
0.596531
0.710531
0.593750
0.593750
0.710636
0.596440
0.604870
0.706565
0.593750
0.593750
0.710636
0.596440
0.593750
0.709663
0.598589
0.604870
0.706565
0.593750
0.593750
0.709663
0.598589
0.605695
0.703982
0.598589
0.593750
0.709663
0.598589
0.593750
0.704160
0.609628
0.605695
0.703982
0.598589
0.623249
0.687500
0.610099
0.625000
0.687500
0.607980
0.625000
0.688450
0.606324
0.623249
0.687500
0.610099
0.625000
0.688450
0.606324
0.621347
0.688820
0.610099
0.621635
0.687500
0.611903
0.623249
0.687500
0.610099
0.621347
0.688820
0.610099
0.625000
0.694974
0.593750
0.623844
0.695732
0.593750
0.619369
0.696294
0.598589
0.625000
0.694974
0.593750
0.619369
0.696294
0.598589
0.625000
0.692600
0.598589
0.622885
0.651420
0.656250
0.625000
0.649664
0.656250
0.625000
0.651431
0.654623
0.616591
0.656250
0.656250
0.622885
0.651420
0.656250
0.625000
0.651431
0.654623
0.616591
0.656250
0.656250
0.625000
0.651431
0.654623
0.625000
0.653035
0.653026
0.616591
0.656250
0.656250
0.625000
0.653035
0.653026
0.620810
0.656250
0.653026
0.625000
0.656250
0.649636
0.620810
0.656250
0.653026
0.625000
0.653035
0.653026
0.593750
0.644211
0.681198
0.593750
0.638596
0.685554
0.601241
0.639346
0.681198
0.593750
0.654807
0.672242
0.593750
0.649950
0.676501
0.600668
0.650661
0.672242
0.618253
0.625000
0.681198
0.625000
0.625000
0.676550
0.625000
0.628096
0.674417
0.618253
0.625000
0.681198
0.625000
0.628096
0.674417
0.615252
0.628001
0.681198
0.615228
0.625000
0.683180
0.618253
0.625000
0.681198
0.615252
0.628001
0.681198
0.605069
0.627492
0.687500
0.607858
0.625000
0.687500
0.615228
0.625000
0.683180
0.605069
0.627492
0.687500
0.615228
0.625000
0.683180
0.615252
0.628001
0.681198
0.625000
0.630960
0.672242
0.625000
0.640157
0.664887
0.614951
0.640068
0.672242
0.625000
0.628096
0.674417
0.625000
0.630960
0.672242
0.614951
0.640068
0.672242
0.625000
0.628096
0.674417
0.614951
0.640068
0.672242
0.615252
0.628001
0.681198
0.601241
0.639346
0.681198
0.615252
0.628001
0.681198
0.614951
0.640068
0.672242
0.601456
0.630418
0.687500
0.605069
0.627492
0.687500
0.615252
0.628001
0.681198
0.601456
0.630418
0.687500
0.615252
0.628001
0.681198
0.601241
0.639346
0.681198
0.593750
0.635886
0.687500
0.601456
0.630418
0.687500
0.601241
0.639346
0.681198
0.593750
0.635886
0.687500
0.601241
0.639346
0.681198
0.593750
0.638596
0.685554
0.625000
0.649664
0.656250
0.622885
0.651420
0.656250
0.614313
0.651376
0.662843
0.625000
0.649664
0.656250
0.614313
0.651376
0.662843
0.625000
0.642502
0.662843
0.625000
0.640157
0.664887
0.625000
0.642502
0.662843
0.614313
0.651376
0.662843
0.625000
0.640157
0.664887
0.614313
0.651376
0.662843
0.614951
0.640068
0.672242
0.600668
0.650661
0.672242
0.614951
0.640068
0.672242
0.614313
0.651376
0.662843
0.601241
0.639346
0.681198
0.614951
0.640068
0.672242
0.600668
0.650661
0.672242
0.593750
0.649950
0.676501
0.593750
0.644211
0.681198
0.601241
0.639346
0.681198
0.593750
0.649950
0.676501
0.601241
0.639346
0.681198
0.600668
0.650661
0.672242
0.622885
0.651420
0.656250
0.616591
0.656250
0.656250
0.613889
0.656250
0.658314
0.622885
0.651420
0.656250
0.613889
0.656250
0.658314
0.614313
0.651376
0.662843
0.607198
0.656250
0.662843
0.600242
0.656250
0.667294
0.600668
0.650661
0.672242
0.607198
0.656250
0.662843
0.600668
0.650661
0.672242
0.614313
0.651376
0.662843
0.613889
0.656250
0.658314
0.607198
0.656250
0.662843
0.614313
0.651376
0.662843
0.600242
0.656250
0.667294
0.593750
0.656250
0.670904
0.593750
0.654807
0.672242
0.600242
0.656250
0.667294
0.593750
0.654807
0.672242
0.600668
0.650661
0.672242
0.593750
0.680103
0.645646
0.593750
0.673861
0.653026
0.598847
0.671208
0.653026
0.593750
0.680103
0.645646
0.598847
0.671208
0.653026
0.597660
0.680460
0.642817
0.596559
0.687500
0.634136
0.593750
0.687500
0.635970
0.593750
0.682371
0.642817
0.596559
0.687500
0.634136
0.593750
0.682371
0.642817
0.597660
0.680460
0.642817
0.593750
0.682371
0.642817
0.593750
0.680103
0.645646
0.597660
0.680460
0.642817
0.593750
0.670956
0.656250
0.594153
0.670747
0.656250
0.598847
0.671208
0.653026
0.593750
0.670956
0.656250
0.598847
0.671208
0.653026
0.593750
0.673861
0.653026
0.613695
0.658472
0.656250
0.616591
0.656250
0.656250
0.620810
0.656250
0.653026
0.613695
0.658472
0.656250
0.620810
0.656250
0.653026
0.613393
0.661941
0.653026
0.619000
0.680703
0.625000
0.609819
0.686472
0.625000
0.610854
0.680897
0.632241
0.620810
0.656250
0.653026
0.625000
0.656250
0.649636
0.625000
0.661926
0.643650
0.620810
0.656250
0.653026
0.625000
0.661926
0.643650
0.613393
0.661941
0.653026
0.625000
0.662660
0.642817
0.625000
0.669481
0.634593
0.624705
0.671642
0.632241
0.625000
0.662660
0.642817
0.624705
0.671642
0.632241
0.612229
0.671779
0.642817
0.625000
0.661926
0.643650
0.625000
0.662660
0.642817
0.612229
0.671779
0.642817
0.625000
0.661926
0.643650
0.612229
0.671779
0.642817
0.613393
0.661941
0.653026
0.598847
0.671208
0.653026
0.613393
0.661941
0.653026
0.612229
0.671779
0.642817
0.623663
0.677588
0.625000
0.619000
0.680703
0.625000
0.610854
0.680897
0.632241
0.623663
0.677588
0.625000
0.610854
0.680897
0.632241
0.624705
0.671642
0.632241
0.612229
0.671779
0.642817
0.624705
0.671642
0.632241
0.610854
0.680897
0.632241
0.597660
0.680460
0.642817
0.612229
0.671779
0.642817
0.610854
0.680897
0.632241
0.598847
0.671208
0.653026
0.612229
0.671779
0.642817
0.597660
0.680460
0.642817
0.609819
0.686472
0.625000
0.607984
0.687500
0.625000
0.599063
0.687500
0.632241
0.609819
0.686472
0.625000
0.599063
0.687500
0.632241
0.610854
0.680897
0.632241
0.599063
0.687500
0.632241
0.596559
0.687500
0.634136
0.597660
0.680460
0.642817
0.599063
0.687500
0.632241
0.597660
0.680460
0.642817
0.610854
0.680897
0.632241
0.608948
0.661723
0.656250
0.613695
0.658472
0.656250
0.613393
0.661941
0.653026
0.599179
0.667947
0.656250
0.608948
0.661723
0.656250
0.613393
0.661941
0.653026
0.599179
0.667947
0.656250
0.613393
0.661941
0.653026
0.598847
0.671208
0.653026
0.594153
0.670747
0.656250
0.599179
0.667947
0.656250
0.598847
0.671208
0.653026
0.625000
0.676601
0.625000
0.623663
0.677588
0.625000
0.624705
0.671642
0.632241
0.625000
0.676601
0.625000
0.624705
0.671642
0.632241
0.625000
0.671623
0.631963
0.625000
0.671409
0.632241
0.625000
0.671623
0.631963
0.624705
0.671642
0.632241
0.625000
0.669481
0.634593
0.625000
0.671409
0.632241
0.624705
0.671642
0.632241
0.593750
0.664680
0.662843
0.593750
0.660654
0.666818
0.599859
0.661277
0.662843
0.594153
0.670747
0.656250
0.593750
0.670956
0.656250
0.593750
0.670707
0.656527
0.616591
0.656250
0.656250
0.613695
0.658472
0.656250
0.613889
0.656250
0.658314
0.600242
0.656250
0.667294
0.607198
0.656250
0.662843
0.599859
0.661277
0.662843
0.613695
0.658472
0.656250
0.608948
0.661723
0.656250
0.599859
0.661277
0.662843
0.613695
0.658472
0.656250
0.599859
0.661277
0.662843
0.607198
0.656250
0.662843
0.613695
0.658472
0.656250
0.607198
0.656250
0.662843
0.613889
0.656250
0.658314
0.593750
0.656250
0.670904
0.600242
0.656250
0.667294
0.599859
0.661277
0.662843
0.593750
0.656250
0.670904
0.599859
0.661277
0.662843
0.593750
0.660654
0.666818
0.608948
0.661723
0.656250
0.599179
0.667947
0.656250
0.599859
0.661277
0.662843
0.599179
0.667947
0.656250
0.594153
0.670747
0.656250
0.593750
0.670707
0.656527
0.599179
0.667947
0.656250
0.593750
0.670707
0.656527
0.593750
0.664680
0.662843
0.599179
0.667947
0.656250
0.593750
0.664680
0.662843
0.599859
0.661277
0.662843
0.593750
0.632837
0.689690
0.593750
0.626582
0.693955
0.601531
0.627316
0.689690
0.607858
0.625000
0.687500
0.605069
0.627492
0.687500
0.601531
0.627316
0.689690
0.607858
0.625000
0.687500
0.601531
0.627316
0.689690
0.604122
0.625000
0.689690
0.601521
0.625000
0.691141
0.604122
0.625000
0.689690
0.601531
0.627316
0.689690
0.593750
0.625000
0.694943
0.601521
0.625000
0.691141
0.601531
0.627316
0.689690
0.593750
0.625000
0.694943
0.601531
0.627316
0.689690
0.593750
0.626582
0.693955
0.605069
0.627492
0.687500
0.601456
0.630418
0.687500
0.601531
0.627316
0.689690
0.601456
0.630418
0.687500
0.593750
0.635886
0.687500
0.593750
0.632837
0.689690
0.601456
0.630418
0.687500
0.593750
0.632837
0.689690
0.601531
0.627316
0.689690
0.593750
0.687500
0.635970
0.596559
0.687500
0.634136
0.596319
0.689037
0.632241
0.593750
0.687500
0.635970
0.596319
0.689037
0.632241
0.593750
0.688828
0.634196
0.595339
0.694279
0.625000
0.593750
0.695012
0.625000
0.593750
0.690221
0.632241
0.595339
0.694279
0.625000
0.593750
0.690221
0.632241
0.596319
0.689037
0.632241
0.593750
0.690221
0.632241
0.593750
0.688828
0.634196
0.596319
0.689037
0.632241
0.607984
0.687500
0.625000
0.604926
0.689212
0.625000
0.596319
0.689037
0.632241
0.607984
0.687500
0.625000
0.596319
0.689037
0.632241
0.599063
0.687500
0.632241
0.596559
0.687500
0.634136
0.599063
0.687500
0.632241
0.596319
0.689037
0.632241
0.604926
0.689212
0.625000
0.595339
0.694279
0.625000
0.596319
0.689037
0.632241
0.687500
0.612161
0.621325
0.687500
0.621635
0.611903
0.680605
0.623134
0.621325
0.680703
0.619000
0.625000
0.686472
0.609819
0.625000
0.687500
0.609628
0.623665
0.680703
0.619000
0.625000
0.687500
0.609628
0.623665
0.687500
0.612161
0.621325
0.680703
0.619000
0.625000
0.687500
0.612161
0.621325
0.680605
0.623134
0.621325
0.686472
0.609819
0.625000
0.687500
0.607984
0.625000
0.687500
0.609628
0.623665
0.677588
0.623663
0.625000
0.680703
0.619000
0.625000
0.680605
0.623134
0.621325
0.687500
0.625000
0.607980
0.686284
0.625000
0.610099
0.687500
0.623249
0.610099
0.686284
0.625000
0.610099
0.680453
0.625000
0.619484
0.680605
0.623134
0.621325
0.686284
0.625000
0.610099
0.680605
0.623134
0.621325
0.687500
0.621635
0.611903
0.686284
0.625000
0.610099
0.687500
0.621635
0.611903
0.687500
0.623249
0.610099
0.680453
0.625000
0.619484
0.679228
0.625000
0.621325
0.680605
0.623134
0.621325
0.676601
0.625000
0.625000
0.677588
0.623663
0.625000
0.680605
0.623134
0.621325
0.676601
0.625000
0.625000
0.680605
0.623134
0.621325
0.679228
0.625000
0.621325
0.687500
0.621635
0.611903
0.687500
0.612161
0.621325
0.689302
0.609293
0.621325
0.687500
0.621635
0.611903
0.689302
0.609293
0.621325
0.688820
0.621347
0.610099
0.687500
0.612161
0.621325
0.687500
0.609628
0.623665
0.689302
0.609293
0.621325
0.687500
0.607984
0.625000
0.689212
0.604926
0.625000
0.689302
0.609293
0.621325
0.687500
0.607984
0.625000
0.689302
0.609293
0.621325
0.687500
0.609628
0.623665
0.688450
0.625000
0.606324
0.687500
0.625000
0.607980
0.687500
0.623249
0.610099
0.688450
0.625000
0.606324
0.687500
0.623249
0.610099
0.688820
0.621347
0.610099
0.687500
0.623249
0.610099
0.687500
0.621635
0.611903
0.688820
0.621347
0.610099
0.697416
0.593750
0.621325
0.701867
0.593750
0.613673
0.696940
0.594841
0.621325
0.696866
0.593750
0.622198
0.697416
0.593750
0.621325
0.696940
0.594841
0.621325
0.694279
0.595339
0.625000
0.695012
0.593750
0.625000
0.696866
0.593750
0.622198
0.694279
0.595339
0.625000
0.696866
0.593750
0.622198
0.696940
0.594841
0.621325
0.711791
0.593750
0.593750
0.710531
0.596531
0.593750
0.710636
0.593750
0.596440
0.706565
0.604870
0.593750
0.703590
0.610436
0.593750
0.703982
0.605695
0.598589
0.699065
0.618484
0.593750
0.695732
0.623844
0.593750
0.696294
0.619369
0.598589
0.710531
0.596531
0.593750
0.706565
0.604870
0.593750
0.703982
0.605695
0.598589
0.710531
0.596531
0.593750
0.703982
0.605695
0.598589
0.709663
0.593750
0.598589
0.710531
0.596531
0.593750
0.709663
0.593750
0.598589
0.710636
0.593750
0.596440
0.704160
0.593750
0.609628
0.709663
0.593750
0.598589
0.703982
0.605695
0.598589
0.703913
0.593750
0.610099
0.704160
0.593750
0.609628
0.703982
0.605695
0.598589
0.703913
0.593750
0.610099
0.703982
0.605695
0.598589
0.696996
0.607568
0.610099
0.701867
0.593750
0.613673
0.703913
0.593750
0.610099
0.696996
0.607568
0.610099
0.701867
0.593750
0.613673
0.696996
0.607568
0.610099
0.696940
0.594841
0.621325
0.689302
0.609293
0.621325
0.696940
0.594841
0.621325
0.696996
0.607568
0.610099
0.689212
0.604926
0.625000
0.694279
0.595339
0.625000
0.696940
0.594841
0.621325
0.689212
0.604926
0.625000
0.696940
0.594841
0.621325
0.689302
0.609293
0.621325
0.703590
0.610436
0.593750
0.699065
0.618484
0.593750
0.696294
0.619369
0.598589
0.703590
0.610436
0.593750
0.696294
0.619369
0.598589
0.703982
0.605695
0.598589
0.696996
0.607568
0.610099
0.703982
0.605695
0.598589
0.696294
0.619369
0.598589
0.688820
0.621347
0.610099
0.696996
0.607568
0.610099
0.696294
0.619369
0.598589
0.689302
0.609293
0.621325
0.696996
0.607568
0.610099
0.688820
0.621347
0.610099
0.692600
0.625000
0.598589
0.688450
0.625000
0.606324
0.688820
0.621347
0.610099
0.692600
0.625000
0.598589
0.688820
0.621347
0.610099
0.696294
0.619369
0.598589
0.695732
0.623844
0.593750
0.694974
0.625000
0.593750
0.692600
0.625000
0.598589
0.695732
0.623844
0.593750
0.692600
0.625000
0.598589
0.696294
0.619369
0.598589
0.651420
0.622885
0.656250
0.656250
0.616591
0.656250
0.656250
0.620810
0.653026
0.651420
0.622885
0.656250
0.656250
0.620810
0.653026
0.653035
0.625000
0.653026
0.651420
0.622885
0.656250
0.653035
0.625000
0.653026
0.651431
0.625000
0.654623
0.649664
0.625000
0.656250
0.651420
0.622885
0.656250
0.651431
0.625000
0.654623
0.656250
0.625000
0.649636
0.653035
0.625000
0.653026
0.656250
0.620810
0.653026
0.625000
0.607858
0.687500
0.627492
0.605069
0.687500
0.628001
0.615252
0.681198
0.625000
0.607858
0.687500
0.628001
0.615252
0.681198
0.625000
0.615228
0.683180
0.628096
0.625000
0.674417
0.625000
0.625000
0.676550
0.625000
0.618253
0.681198
0.628096
0.625000
0.674417
0.625000
0.618253
0.681198
0.628001
0.615252
0.681198
0.625000
0.618253
0.681198
0.625000
0.615228
0.683180
0.628001
0.615252
0.681198
0.649950
0.593750
0.676501
0.654807
0.593750
0.672242
0.650661
0.600668
0.672242
0.638596
0.593750
0.685554
0.644211
0.593750
0.681198
0.639346
0.601241
0.681198
0.644211
0.593750
0.681198
0.649950
0.593750
0.676501
0.650661
0.600668
0.672242
0.644211
0.593750
0.681198
0.650661
0.600668
0.672242
0.639346
0.601241
0.681198
0.630418
0.601456
0.687500
0.635886
0.593750
0.687500
0.638596
0.593750
0.685554
0.630418
0.601456
0.687500
0.638596
0.593750
0.685554
0.639346
0.601241
0.681198
0.656250
0.600242
0.667294
0.656250
0.607198
0.662843
0.651376
0.614313
0.662843
0.656250
0.600242
0.667294
0.651376
0.614313
0.662843
0.650661
0.600668
0.672242
0.640068
0.614951
0.672242
0.650661
0.600668
0.672242
0.651376
0.614313
0.662843
0.639346
0.601241
0.681198
0.650661
0.600668
0.672242
0.640068
0.614951
0.672242
0.628001
0.615252
0.681198
0.639346
0.601241
0.681198
0.640068
0.614951
0.672242
0.627492
0.605069
0.687500
0.630418
0.601456
0.687500
0.639346
0.601241
0.681198
0.627492
0.605069
0.687500
0.639346
0.601241
0.681198
0.628001
0.615252
0.681198
0.656250
0.616591
0.656250
0.651420
0.622885
0.656250
0.651376
0.614313
0.662843
0.656250
0.616591
0.656250
0.651376
0.614313
0.662843
0.656250
0.613889
0.658314
0.651420
0.622885
0.656250
0.649664
0.625000
0.656250
0.642502
0.625000
0.662843
0.651420
0.622885
0.656250
0.642502
0.625000
0.662843
0.651376
0.614313
0.662843
0.642502
0.625000
0.662843
0.640157
0.625000
0.664887
0.640068
0.614951
0.672242
0.642502
0.625000
0.662843
0.640068
0.614951
0.672242
0.651376
0.614313
0.662843
0.640157
0.625000
0.664887
0.630960
0.625000
0.672242
0.640068
0.614951
0.672242
0.630960
0.625000
0.672242
0.628096
0.625000
0.674417
0.628001
0.615252
0.681198
0.630960
0.625000
0.672242
0.628001
0.615252
0.681198
0.640068
0.614951
0.672242
0.654807
0.593750
0.672242
0.656250
0.593750
0.670904
0.656250
0.600242
0.667294
0.654807
0.593750
0.672242
0.656250
0.600242
0.667294
0.650661
0.600668
0.672242
0.656250
0.607198
0.662843
0.656250
0.613889
0.658314
0.651376
0.614313
0.662843
0.656250
0.616591
0.656250
0.658472
0.613695
0.656250
0.661941
0.613393
0.653026
0.656250
0.616591
0.656250
0.661941
0.613393
0.653026
0.656250
0.620810
0.653026
0.682371
0.593750
0.642817
0.687500
0.593750
0.635970
0.687500
0.596559
0.634136
0.682371
0.593750
0.642817
0.687500
0.596559
0.634136
0.680460
0.597660
0.642817
0.680103
0.593750
0.645646
0.682371
0.593750
0.642817
0.680460
0.597660
0.642817
0.673861
0.593750
0.653026
0.680103
0.593750
0.645646
0.680460
0.597660
0.642817
0.673861
0.593750
0.653026
0.680460
0.597660
0.642817
0.671208
0.598847
0.653026
0.670747
0.594153
0.656250
0.670956
0.593750
0.656250
0.673861
0.593750
0.653026
0.670747
0.594153
0.656250
0.673861
0.593750
0.653026
0.671208
0.598847
0.653026
0.686472
0.609819
0.625000
0.680703
0.619000
0.625000
0.680897
0.610854
0.632241
0.687500
0.607984
0.625000
0.686472
0.609819
0.625000
0.680897
0.610854
0.632241
0.687500
0.607984
0.625000
0.680897
0.610854
0.632241
0.687500
0.599063
0.632241
0.687500
0.596559
0.634136
0.687500
0.599063
0.632241
0.680897
0.610854
0.632241
0.687500
0.596559
0.634136
0.680897
0.610854
0.632241
0.680460
0.597660
0.642817
0.671779
0.612229
0.642817
0.680460
0.597660
0.642817
0.680897
0.610854
0.632241
0.671208
0.598847
0.653026
0.680460
0.597660
0.642817
0.671779
0.612229
0.642817
0.661941
0.613393
0.653026
0.671208
0.598847
0.653026
0.671779
0.612229
0.642817
0.680703
0.619000
0.625000
0.677588
0.623663
0.625000
0.671642
0.624705
0.632241
0.680703
0.619000
0.625000
0.671642
0.624705
0.632241
0.680897
0.610854
0.632241
0.671779
0.612229
0.642817
0.680897
0.610854
0.632241
0.671642
0.624705
0.632241
0.669481
0.625000
0.634593
0.662660
0.625000
0.642817
0.671779
0.612229
0.642817
0.669481
0.625000
0.634593
0.671779
0.612229
0.642817
0.671642
0.624705
0.632241
0.662660
0.625000
0.642817
0.661926
0.625000
0.643650
0.661941
0.613393
0.653026
0.662660
0.625000
0.642817
0.661941
0.613393
0.653026
0.671779
0.612229
0.642817
0.661926
0.625000
0.643650
0.656250
0.625000
0.649636
0.656250
0.620810
0.653026
0.661926
0.625000
0.643650
0.656250
0.620810
0.653026
0.661941
0.613393
0.653026
0.667947
0.599179
0.656250
0.670747
0.594153
0.656250
0.671208
0.598847
0.653026
0.661723
0.608948
0.656250
0.667947
0.599179
0.656250
0.671208
0.598847
0.653026
0.661723
0.608948
0.656250
0.671208
0.598847
0.653026
0.661941
0.613393
0.653026
0.658472
0.613695
0.656250
0.661723
0.608948
0.656250
0.661941
0.613393
0.653026
0.677588
0.623663
0.625000
0.676601
0.625000
0.625000
0.671623
0.625000
0.631963
0.677588
0.623663
0.625000
0.671623
0.625000
0.631963
0.671642
0.624705
0.632241
0.671623
0.625000
0.631963
0.671409
0.625000
0.632241
0.671642
0.624705
0.632241
0.671409
0.625000
0.632241
0.669481
0.625000
0.634593
0.671642
0.624705
0.632241
0.656250
0.607198
0.662843
0.656250
0.600242
0.667294
0.661277
0.599859
0.662843
0.658472
0.613695
0.656250
0.656250
0.616591
0.656250
0.656250
0.613889
0.658314
0.670956
0.593750
0.656250
0.670747
0.594153
0.656250
0.670707
0.593750
0.656527
0.660654
0.593750
0.666818
0.664680
0.593750
0.662843
0.661277
0.599859
0.662843
0.670747
0.594153
0.656250
0.667947
0.599179
0.656250
0.661277
0.599859
0.662843
0.670747
0.594153
0.656250
0.661277
0.599859
0.662843
0.664680
0.593750
0.662843
0.670747
0.594153
0.656250
0.664680
0.593750
0.662843
0.670707
0.593750
0.656527
0.656250
0.593750
0.670904
0.660654
0.593750
0.666818
0.661277
0.599859
0.662843
0.656250
0.593750
0.670904
0.661277
0.599859
0.662843
0.656250
0.600242
0.667294
0.667947
0.599179
0.656250
0.661723
0.608948
0.656250
0.661277
0.599859
0.662843
0.661723
0.608948
0.656250
0.658472
0.613695
0.656250
0.656250
0.613889
0.658314
0.661723
0.608948
0.656250
0.656250
0.613889
0.658314
0.656250
0.607198
0.662843
0.661723
0.608948
0.656250
0.656250
0.607198
0.662843
0.661277
0.599859
0.662843
0.627492
0.605069
0.687500
0.625000
0.607858
0.687500
0.625000
0.604122
0.689690
0.627492
0.605069
0.687500
0.625000
0.604122
0.689690
0.627316
0.601531
0.689690
0.625000
0.593750
0.694943
0.626582
0.593750
0.693955
0.627316
0.601531
0.689690
0.625000
0.593750
0.694943
0.627316
0.601531
0.689690
0.625000
0.601521
0.691141
0.625000
0.604122
0.689690
0.625000
0.601521
0.691141
0.627316
0.601531
0.689690
0.626582
0.593750
0.693955
0.632837
0.593750
0.689690
0.627316
0.601531
0.689690
0.635886
0.593750
0.687500
0.630418
0.601456
0.687500
0.627316
0.601531
0.689690
0.635886
0.593750
0.687500
0.627316
0.601531
0.689690
0.632837
0.593750
0.689690
0.630418
0.601456
0.687500
0.627492
0.605069
0.687500
0.627316
0.601531
0.689690
0.687500
0.593750
0.635970
0.688828
0.593750
0.634196
0.689037
0.596319
0.632241
0.687500
0.593750
0.635970
0.689037
0.596319
0.632241
0.687500
0.596559
0.634136
0.689212
0.604926
0.625000
0.687500
0.607984
0.625000
0.687500
0.599063
0.632241
0.689212
0.604926
0.625000
0.687500
0.599063
0.632241
0.689037
0.596319
0.632241
0.687500
0.599063
0.632241
0.687500
0.596559
0.634136
0.689037
0.596319
0.632241
0.695012
0.593750
0.625000
0.694279
0.595339
0.625000
0.689037
0.596319
0.632241
0.695012
0.593750
0.625000
0.689037
0.596319
0.632241
0.690221
0.593750
0.632241
0.688828
0.593750
0.634196
0.690221
0.593750
0.632241
0.689037
0.596319
0.632241
0.694279
0.595339
0.625000
0.689212
0.604926
0.625000
0.689037
0.596319
0.632241
0.656250
0.656250
0.616592
0.652662
0.656250
0.621325
0.656250
0.652662
0.621325
0.649676
0.656250
0.625000
0.656250
0.649676
0.625000
0.656250
0.652662
0.621325
0.649676
0.656250
0.625000
0.656250
0.652662
0.621325
0.652662
0.656250
0.621325
0.652662
0.656250
0.621325
0.656250
0.656250
0.616592
0.656250
0.659085
0.612852
0.652662
0.656250
0.621325
0.656250
0.659085
0.612852
0.648677
0.660235
0.621325
0.649129
0.656797
0.625000
0.649676
0.656250
0.625000
0.652662
0.656250
0.621325
0.649129
0.656797
0.625000
0.652662
0.656250
0.621325
0.648677
0.660235
0.621325
0.648931
0.677409
0.593750
0.644052
0.681412
0.593750
0.644986
0.678211
0.598589
0.656250
0.661002
0.610099
0.656250
0.668000
0.599244
0.646984
0.669629
0.610099
0.656250
0.659085
0.612852
0.656250
0.661002
0.610099
0.646984
0.669629
0.610099
0.656250
0.659085
0.612852
0.646984
0.669629
0.610099
0.648677
0.660235
0.621325
0.636287
0.670898
0.621325
0.648677
0.660235
0.621325
0.646984
0.669629
0.610099
0.636792
0.667677
0.625000
0.645011
0.660603
0.625000
0.648677
0.660235
0.621325
0.636792
0.667677
0.625000
0.648677
0.660235
0.621325
0.636287
0.670898
0.621325
0.655890
0.671340
0.593750
0.648931
0.677409
0.593750
0.644986
0.678211
0.598589
0.655890
0.671340
0.593750
0.644986
0.678211
0.598589
0.656250
0.668390
0.598589
0.655890
0.671340
0.593750
0.656250
0.668390
0.598589
0.656250
0.669995
0.595643
0.656250
0.668000
0.599244
0.656250
0.668390
0.598589
0.644986
0.678211
0.598589
0.656250
0.668000
0.599244
0.644986
0.678211
0.598589
0.646984
0.669629
0.610099
0.634509
0.679682
0.610099
0.646984
0.669629
0.610099
0.644986
0.678211
0.598589
0.636287
0.670898
0.621325
0.646984
0.669629
0.610099
0.634509
0.679682
0.610099
0.625000
0.680453
0.619484
0.625000
0.679228
0.621325
0.636287
0.670898
0.621325
0.625000
0.680453
0.619484
0.636287
0.670898
0.621325
0.634509
0.679682
0.610099
0.625000
0.676601
0.625000
0.632388
0.671148
0.625000
0.636287
0.670898
0.621325
0.625000
0.676601
0.625000
0.636287
0.670898
0.621325
0.625000
0.679228
0.621325
0.644052
0.681412
0.593750
0.636695
0.686992
0.593750
0.633632
0.687500
0.597271
0.644052
0.681412
0.593750
0.633632
0.687500
0.597271
0.632737
0.687500
0.598589
0.644052
0.681412
0.593750
0.632737
0.687500
0.598589
0.644986
0.678211
0.598589
0.632737
0.687500
0.598589
0.632534
0.687500
0.598862
0.634509
0.679682
0.610099
0.632737
0.687500
0.598589
0.634509
0.679682
0.610099
0.644986
0.678211
0.598589
0.632534
0.687500
0.598862
0.625000
0.687500
0.607980
0.625000
0.686284
0.610099
0.632534
0.687500
0.598862
0.625000
0.686284
0.610099
0.634509
0.679682
0.610099
0.625000
0.686284
0.610099
0.625000
0.680453
0.619484
0.634509
0.679682
0.610099
0.645011
0.660603
0.625000
0.649129
0.656797
0.625000
0.648677
0.660235
0.621325
0.632388
0.671148
0.625000
0.636792
0.667677
0.625000
0.636287
0.670898
0.621325
0.636695
0.686992
0.593750
0.635986
0.687500
0.593750
0.633632
0.687500
0.597271
0.656250
0.671003
0.593750
0.655890
0.671340
0.593750
0.656250
0.669995
0.595643
0.659085
0.656250
0.612852
0.656250
0.656250
0.616592
0.656250
0.652662
0.621325
0.659085
0.656250
0.612852
0.656250
0.652662
0.621325
0.660235
0.648677
0.621325
0.656250
0.649676
0.625000
0.656797
0.649129
0.625000
0.660235
0.648677
0.621325
0.656250
0.649676
0.625000
0.660235
0.648677
0.621325
0.656250
0.652662
0.621325
0.681412
0.644052
0.593750
0.677409
0.648931
0.593750
0.678211
0.644986
0.598589
0.686284
0.625000
0.610099
0.687500
0.625000
0.607980
0.687500
0.632534
0.598862
0.686284
0.625000
0.610099
0.687500
0.632534
0.598862
0.679682
0.634509
0.610099
0.680453
0.625000
0.619484
0.686284
0.625000
0.610099
0.679682
0.634509
0.610099
0.679228
0.625000
0.621325
0.680453
0.625000
0.619484
0.679682
0.634509
0.610099
0.679228
0.625000
0.621325
0.679682
0.634509
0.610099
0.670898
0.636287
0.621325
0.671148
0.632388
0.625000
0.676601
0.625000
0.625000
0.679228
0.625000
0.621325
0.671148
0.632388
0.625000
0.679228
0.625000
0.621325
0.670898
0.636287
0.621325
0.686992
0.636695
0.593750
0.681412
0.644052
0.593750
0.678211
0.644986
0.598589
0.686992
0.636695
0.593750
0.678211
0.644986
0.598589
0.687500
0.632737
0.598589
0.686992
0.636695
0.593750
0.687500
0.632737
0.598589
0.687500
0.633632
0.597271
0.687500
0.632534
0.598862
0.687500
0.632737
0.598589
0.678211
0.644986
0.598589
0.687500
0.632534
0.598862
0.678211
0.644986
0.598589
0.679682
0.634509
0.610099
0.669629
0.646984
0.610099
0.679682
0.634509
0.610099
0.678211
0.644986
0.598589
0.670898
0.636287
0.621325
0.679682
0.634509
0.610099
0.669629
0.646984
0.610099
0.660235
0.648677
0.621325
0.670898
0.636287
0.621325
0.669629
0.646984
0.610099
0.660603
0.645011
0.625000
0.667677
0.636792
0.625000
0.670898
0.636287
0.621325
0.660603
0.645011
0.625000
0.670898
0.636287
0.621325
0.660235
0.648677
0.621325
0.677409
0.648931
0.593750
0.671340
0.655890
0.593750
0.669995
0.656250
0.595643
0.677409
0.648931
0.593750
0.669995
0.656250
0.595643
0.668390
0.656250
0.598589
0.677409
0.648931
0.593750
0.668390
0.656250
0.598589
0.678211
0.644986
0.598589
0.668390
0.656250
0.598589
0.668000
0.656250
0.599244
0.669629
0.646984
0.610099
0.668390
0.656250
0.598589
0.669629
0.646984
0.610099
0.678211
0.644986
0.598589
0.668000
0.656250
0.599244
0.661002
0.656250
0.610099
0.669629
0.646984
0.610099
0.661002
0.656250
0.610099
0.659085
0.656250
0.612852
0.660235
0.648677
0.621325
0.661002
0.656250
0.610099
0.660235
0.648677
0.621325
0.669629
0.646984
0.610099
0.667677
0.636792
0.625000
0.671148
0.632388
0.625000
0.670898
0.636287
0.621325
0.656797
0.649129
0.625000
0.660603
0.645011
0.625000
0.660235
0.648677
0.621325
0.671340
0.655890
0.593750
0.671003
0.656250
0.593750
0.669995
0.656250
0.595643
0.687500
0.635986
0.593750
0.686992
0.636695
0.593750
0.687500
0.633632
0.597271
0.656250
0.656250
0.616592
0.659085
0.656250
0.612852
0.658711
0.658711
0.610099
0.656250
0.656250
0.616592
0.658711
0.658711
0.610099
0.656250
0.659085
0.612852
0.656250
0.668000
0.599244
0.656250
0.661002
0.610099
0.658711
0.658711
0.610099
0.656250
0.668000
0.599244
0.658711
0.658711
0.610099
0.656809
0.667902
0.598589
0.656250
0.661002
0.610099
0.656250
0.659085
0.612852
0.658711
0.658711
0.610099
0.656250
0.669995
0.595643
0.656250
0.668390
0.598589
0.656809
0.667902
0.598589
0.656250
0.668390
0.598589
0.656250
0.668000
0.599244
0.656809
0.667902
0.598589
0.668390
0.656250
0.598589
0.669995
0.656250
0.595643
0.667902
0.656809
0.598589
0.668000
0.656250
0.599244
0.668390
0.656250
0.598589
0.667902
0.656809
0.598589
0.661002
0.656250
0.610099
0.668000
0.656250
0.599244
0.667902
0.656809
0.598589
0.661002
0.656250
0.610099
0.667902
0.656809
0.598589
0.658711
0.658711
0.610099
0.659085
0.656250
0.612852
0.661002
0.656250
0.610099
0.658711
0.658711
0.610099
0.671003
0.656250
0.593750
0.667026
0.660497
0.593750
0.667902
0.656809
0.598589
0.671003
0.656250
0.593750
0.667902
0.656809
0.598589
0.669995
0.656250
0.595643
0.660497
0.667026
0.593750
0.656250
0.671003
0.593750
0.656250
0.669995
0.595643
0.660497
0.667026
0.593750
0.656250
0.669995
0.595643
0.656809
0.667902
0.598589
0.667026
0.660497
0.593750
0.660497
0.667026
0.593750
0.656809
0.667902
0.598589
0.667026
0.660497
0.593750
0.656809
0.667902
0.598589
0.667902
0.656809
0.598589
0.658711
0.658711
0.610099
0.667902
0.656809
0.598589
0.656809
0.667902
0.598589
0.625000
0.692600
0.598589
0.625000
0.688450
0.606324
0.632486
0.687690
0.598589
0.632737
0.687500
0.598589
0.633632
0.687500
0.597271
0.632486
0.687690
0.598589
0.632534
0.687500
0.598862
0.632737
0.687500
0.598589
0.632486
0.687690
0.598589
0.625000
0.687500
0.607980
0.632534
0.687500
0.598862
0.632486
0.687690
0.598589
0.625000
0.687500
0.607980
0.632486
0.687690
0.598589
0.625000
0.688450
0.606324
0.635986
0.687500
0.593750
0.631565
0.690668
0.593750
0.632486
0.687690
0.598589
0.635986
0.687500
0.593750
0.632486
0.687690
0.598589
0.633632
0.687500
0.597271
0.631565
0.690668
0.593750
0.625000
0.694974
0.593750
0.625000
0.692600
0.598589
0.631565
0.690668
0.593750
0.625000
0.692600
0.598589
0.632486
0.687690
0.598589
0.687500
0.625000
0.607980
0.688450
0.625000
0.606324
0.687690
0.632486
0.598589
0.687500
0.625000
0.607980
0.687690
0.632486
0.598589
0.687500
0.632534
0.598862
0.687500
0.633632
0.597271
0.687500
0.632737
0.598589
0.687690
0.632486
0.598589
0.687500
0.632737
0.598589
0.687500
0.632534
0.598862
0.687690
0.632486
0.598589
0.688450
0.625000
0.606324
0.692600
0.625000
0.598589
0.687690
0.632486
0.598589
0.690668
0.631565
0.593750
0.687500
0.635986
0.593750
0.687500
0.633632
0.597271
0.690668
0.631565
0.593750
0.687500
0.633632
0.597271
0.687690
0.632486
0.598589
0.694974
0.625000
0.593750
0.690668
0.631565
0.593750
0.687690
0.632486
0.598589
0.694974
0.625000
0.593750
0.687690
0.632486
0.598589
0.692600
0.625000
0.598589
0.625000
0.649664
0.656250
0.627311
0.647745
0.656250
0.627075
0.651442
0.653026
0.625000
0.649664
0.656250
0.627075
0.651442
0.653026
0.625000
0.651431
0.654623
0.625000
0.653035
0.653026
0.625000
0.651431
0.654623
0.627075
0.651442
0.653026
0.626596
0.656250
0.648344
0.625000
0.656250
0.649636
0.625000
0.653035
0.653026
0.626596
0.656250
0.648344
0.625000
0.653035
0.653026
0.627075
0.651442
0.653026
0.651431
0.625000
0.654623
0.653035
0.625000
0.653026
0.651442
0.627075
0.653026
0.647745
0.627311
0.656250
0.649664
0.625000
0.656250
0.651431
0.625000
0.654623
0.647745
0.627311
0.656250
0.651431
0.625000
0.654623
0.651442
0.627075
0.653026
0.656250
0.649676
0.625000
0.649676
0.656250
0.625000
0.649201
0.656250
0.625584
0.656250
0.649676
0.625000
0.649201
0.656250
0.625584
0.650021
0.650021
0.632241
0.656250
0.649676
0.625000
0.650021
0.650021
0.632241
0.656250
0.649201
0.625584
0.656250
0.626596
0.648344
0.656250
0.632731
0.642817
0.650964
0.638972
0.642817
0.656250
0.626596
0.648344
0.650964
0.638972
0.642817
0.651442
0.627075
0.653026
0.639791
0.639791
0.653026
0.651442
0.627075
0.653026
0.650964
0.638972
0.642817
0.656250
0.638368
0.637423
0.656250
0.643282
0.632241
0.650021
0.650021
0.632241
0.656250
0.638368
0.637423
0.650021
0.650021
0.632241
0.650964
0.638972
0.642817
0.638972
0.650964
0.642817
0.650964
0.638972
0.642817
0.650021
0.650021
0.632241
0.639791
0.639791
0.653026
0.650964
0.638972
0.642817
0.638972
0.650964
0.642817
0.627075
0.651442
0.653026
0.639791
0.639791
0.653026
0.638972
0.650964
0.642817
0.643282
0.656250
0.632241
0.638368
0.656250
0.637423
0.638972
0.650964
0.642817
0.643282
0.656250
0.632241
0.638972
0.650964
0.642817
0.650021
0.650021
0.632241
0.632731
0.656250
0.642817
0.626596
0.656250
0.648344
0.627075
0.651442
0.653026
0.632731
0.656250
0.642817
0.627075
0.651442
0.653026
0.638972
0.650964
0.642817
0.639919
0.635851
0.656250
0.647745
0.627311
0.656250
0.651442
0.627075
0.653026
0.639919
0.635851
0.656250
0.651442
0.627075
0.653026
0.639791
0.639791
0.653026
0.635851
0.639919
0.656250
0.639919
0.635851
0.656250
0.639791
0.639791
0.653026
0.627311
0.647745
0.656250
0.635851
0.639919
0.656250
0.639791
0.639791
0.653026
0.627311
0.647745
0.656250
0.639791
0.639791
0.653026
0.627075
0.651442
0.653026
0.649201
0.656250
0.625584
0.643282
0.656250
0.632241
0.650021
0.650021
0.632241
0.638368
0.656250
0.637423
0.632731
0.656250
0.642817
0.638972
0.650964
0.642817
0.653035
0.625000
0.653026
0.656250
0.625000
0.649636
0.656250
0.626596
0.648344
0.653035
0.625000
0.653026
0.656250
0.626596
0.648344
0.651442
0.627075
0.653026
0.656250
0.632731
0.642817
0.656250
0.638368
0.637423
0.650964
0.638972
0.642817
0.656250
0.643282
0.632241
0.656250
0.649201
0.625584
0.650021
0.650021
0.632241
0.625000
0.625000
0.676550
0.628096
0.625000
0.674417
0.628126
0.628126
0.672242
0.625000
0.625000
0.676550
0.628126
0.628126
0.672242
0.625000
0.628096
0.674417
0.625000
0.640157
0.664887
0.625000
0.630960
0.672242
0.628126
0.628126
0.672242
0.625000
0.640157
0.664887
0.628126
0.628126
0.672242
0.627793
0.640182
0.662843
0.625000
0.630960
0.672242
0.625000
0.628096
0.674417
0.628126
0.628126
0.672242
0.627311
0.647745
0.656250
0.625000
0.649664
0.656250
0.625000
0.642502
0.662843
0.627311
0.647745
0.656250
0.625000
0.642502
0.662843
0.627793
0.640182
0.662843
0.625000
0.642502
0.662843
0.625000
0.640157
0.664887
0.627793
0.640182
0.662843
0.649664
0.625000
0.656250
0.647745
0.627311
0.656250
0.640182
0.627793
0.662843
0.649664
0.625000
0.656250
0.640182
0.627793
0.662843
0.642502
0.625000
0.662843
0.640157
0.625000
0.664887
0.642502
0.625000
0.662843
0.640182
0.627793
0.662843
0.630960
0.625000
0.672242
0.640157
0.625000
0.664887
0.640182
0.627793
0.662843
0.630960
0.625000
0.672242
0.640182
0.627793
0.662843
0.628126
0.628126
0.672242
0.628096
0.625000
0.674417
0.630960
0.625000
0.672242
0.628126
0.628126
0.672242
0.647745
0.627311
0.656250
0.639919
0.635851
0.656250
0.640182
0.627793
0.662843
0.639919
0.635851
0.656250
0.635851
0.639919
0.656250
0.627793
0.640182
0.662843
0.639919
0.635851
0.656250
0.627793
0.640182
0.662843
0.640182
0.627793
0.662843
0.628126
0.628126
0.672242
0.640182
0.627793
0.662843
0.627793
0.640182
0.662843
0.635851
0.639919
0.656250
0.627311
0.647745
0.656250
0.627793
0.640182
0.662843
0.625000
0.656250
0.649636
0.626596
0.656250
0.648344
0.626031
0.661924
0.642817
0.625000
0.656250
0.649636
0.626031
0.661924
0.642817
0.625000
0.661926
0.643650
0.625000
0.669481
0.634593
0.625000
0.662660
0.642817
0.626031
0.661924
0.642817
0.625000
0.662660
0.642817
0.625000
0.661926
0.643650
0.626031
0.661924
0.642817
0.649676
0.656250
0.625000
0.649129
0.656797
0.625000
0.649201
0.656250
0.625584
0.638368
0.656250
0.637423
0.643282
0.656250
0.632241
0.637788
0.661329
0.632241
0.626596
0.656250
0.648344
0.632731
0.656250
0.642817
0.626031
0.661924
0.642817
0.645011
0.660603
0.625000
0.636792
0.667677
0.625000
0.637788
0.661329
0.632241
0.632388
0.671148
0.625000
0.625000
0.676601
0.625000
0.625000
0.671623
0.631963
0.649129
0.656797
0.625000
0.645011
0.660603
0.625000
0.637788
0.661329
0.632241
0.649129
0.656797
0.625000
0.637788
0.661329
0.632241
0.643282
0.656250
0.632241
0.649129
0.656797
0.625000
0.643282
0.656250
0.632241
0.649201
0.656250
0.625584
0.632731
0.656250
0.642817
0.638368
0.656250
0.637423
0.637788
0.661329
0.632241
0.632731
0.656250
0.642817
0.637788
0.661329
0.632241
0.626031
0.661924
0.642817
0.636792
0.667677
0.625000
0.632388
0.671148
0.625000
0.625000
0.671623
0.631963
0.636792
0.667677
0.625000
0.625000
0.671623
0.631963
0.625000
0.671409
0.632241
0.636792
0.667677
0.625000
0.625000
0.671409
0.632241
0.637788
0.661329
0.632241
0.625000
0.671409
0.632241
0.625000
0.669481
0.634593
0.626031
0.661924
0.642817
0.625000
0.671409
0.632241
0.626031
0.661924
0.642817
0.637788
0.661329
0.632241
0.656797
0.649129
0.625000
0.656250
0.649676
0.625000
0.656250
0.649201
0.625584
0.656250
0.632731
0.642817
0.656250
0.626596
0.648344
0.661924
0.626031
0.642817
0.656250
0.643282
0.632241
0.656250
0.638368
0.637423
0.661329
0.637788
0.632241
0.662660
0.625000
0.642817
0.669481
0.625000
0.634593
0.661924
0.626031
0.642817
0.661926
0.625000
0.643650
0.662660
0.625000
0.642817
0.661924
0.626031
0.642817
0.656250
0.625000
0.649636
0.661926
0.625000
0.643650
0.661924
0.626031
0.642817
0.656250
0.625000
0.649636
0.661924
0.626031
0.642817
0.656250
0.626596
0.648344
0.676601
0.625000
0.625000
0.671148
0.632388
0.625000
0.671623
0.625000
0.631963
0.667677
0.636792
0.625000
0.660603
0.645011
0.625000
0.661329
0.637788
0.632241
0.671148
0.632388
0.625000
0.667677
0.636792
0.625000
0.661329
0.637788
0.632241
0.671148
0.632388
0.625000
0.661329
0.637788
0.632241
0.671409
0.625000
0.632241
0.671148
0.632388
0.625000
0.671409
0.625000
0.632241
0.671623
0.625000
0.631963
0.669481
0.625000
0.634593
0.671409
0.625000
0.632241
0.661329
0.637788
0.632241
0.669481
0.625000
0.634593
0.661329
0.637788
0.632241
0.661924
0.626031
0.642817
0.656250
0.638368
0.637423
0.656250
0.632731
0.642817
0.661924
0.626031
0.642817
0.656250
0.638368
0.637423
0.661924
0.626031
0.642817
0.661329
0.637788
0.632241
0.660603
0.645011
0.625000
0.656797
0.649129
0.625000
0.656250
0.649201
0.625584
0.660603
0.645011
0.625000
0.656250
0.649201
0.625584
0.656250
0.643282
0.632241
0.660603
0.645011
0.625000
0.656250
0.643282
0.632241
0.661329
0.637788
0.632241
