0.615147
0.615147
0.689690
0.627316
0.601531
0.689690
0.628001
0.615252
0.681198
0.615252
0.628001
0.681198
0.628001
0.615252
0.681198
0.628126
0.628126
0.672242
0.615147
0.615147
0.689690
0.628001
0.615252
0.681198
0.615252
0.628001
0.681198
0.601531
0.627316
0.689690
0.615147
0.615147
0.689690
0.615252
0.628001
0.681198
0.614951
0.640068
0.672242
0.628126
0.628126
0.672242
0.627793
0.640182
0.662843
0.615252
0.628001
0.681198
0.628126
0.628126
0.672242
0.614951
0.640068
0.672242
0.601241
0.639346
0.681198
0.615252
0.628001
0.681198
0.614951
0.640068
0.672242
0.601531
0.627316
0.689690
0.615252
0.628001
0.681198
0.601241
0.639346
0.681198
0.586638
0.637883
0.689690
0.601531
0.627316
0.689690
0.601241
0.639346
0.681198
0.614313
0.651376
0.662843
0.627793
0.640182
0.662843
0.627075
0.651442
0.653026
0.614951
0.640068
0.672242
0.627793
0.640182
0.662843
0.614313
0.651376
0.662843
0.600668
0.650661
0.672242
0.614951
0.640068
0.672242
0.614313
0.651376
0.662843
0.601241
0.639346
0.681198
0.614951
0.640068
0.672242
0.600668
0.650661
0.672242
0.586121
0.649166
0.681198
0.601241
0.639346
0.681198
0.600668
0.650661
0.672242
0.614313
0.651376
0.662843
0.627075
0.651442
0.653026
0.613393
0.661941
0.653026
0.600668
0.650661
0.672242
0.614313
0.651376
0.662843
0.599859
0.661277
0.662843
0.609293
0.689302
0.621325
0.623134
0.680605
0.621325
0.621347
0.688820
0.610099
0.610854
0.680897
0.632241
0.623134
0.680605
0.621325
0.609293
0.689302
0.621325
0.613393
0.661941
0.653026
0.627075
0.651442
0.653026
0.626031
0.661924
0.642817
0.612229
0.671779
0.642817
0.626031
0.661924
0.642817
0.624705
0.671642
0.632241
0.613393
0.661941
0.653026
0.626031
0.661924
0.642817
0.612229
0.671779
0.642817
0.598847
0.671208
0.653026
0.613393
0.661941
0.653026
0.612229
0.671779
0.642817
0.610854
0.680897
0.632241
0.624705
0.671642
0.632241
0.623134
0.680605
0.621325
0.612229
0.671779
0.642817
0.624705
0.671642
0.632241
0.610854
0.680897
0.632241
0.597660
0.680460
0.642817
0.612229
0.671779
0.642817
0.610854
0.680897
0.632241
0.598847
0.671208
0.653026
0.612229
0.671779
0.642817
0.597660
0.680460
0.642817
0.596319
0.689037
0.632241
0.610854
0.680897
0.632241
0.609293
0.689302
0.621325
0.597660
0.680460
0.642817
0.610854
0.680897
0.632241
0.596319
0.689037
0.632241
0.599859
0.661277
0.662843
0.614313
0.651376
0.662843
0.613393
0.661941
0.653026
0.585416
0.659803
0.672242
0.600668
0.650661
0.672242
0.599859
0.661277
0.662843
0.599859
0.661277
0.662843
0.613393
0.661941
0.653026
0.598847
0.671208
0.653026
0.584552
0.669803
0.662843
0.599859
0.661277
0.662843
0.598847
0.671208
0.653026
0.639346
0.601241
0.681198
0.649166
0.586121
0.681198
0.650661
0.600668
0.672242
0.627316
0.601531
0.689690
0.637883
0.586638
0.689690
0.639346
0.601241
0.681198
0.650661
0.600668
0.672242
0.661277
0.599859
0.662843
0.651376
0.614313
0.662843
0.640068
0.614951
0.672242
0.650661
0.600668
0.672242
0.651376
0.614313
0.662843
0.639346
0.601241
0.681198
0.650661
0.600668
0.672242
0.640068
0.614951
0.672242
0.628001
0.615252
0.681198
0.639346
0.601241
0.681198
0.640068
0.614951
0.672242
0.627316
0.601531
0.689690
0.639346
0.601241
0.681198
0.628001
0.615252
0.681198
0.651376
0.614313
0.662843
0.661941
0.613393
0.653026
0.651442
0.627075
0.653026
0.640182
0.627793
0.662843
0.651376
0.614313
0.662843
0.651442
0.627075
0.653026
0.640068
0.614951
0.672242
0.651376
0.614313
0.662843
0.640182
0.627793
0.662843
0.628126
0.628126
0.672242
0.640068
0.614951
0.672242
0.640182
0.627793
0.662843
0.628001
0.615252
0.681198
0.640068
0.614951
0.672242
0.628126
0.628126
0.672242
0.648677
0.660235
0.621325
0.660235
0.648677
0.621325
0.658711
0.658711
0.610099
0.650021
0.650021
0.632241
0.660235
0.648677
0.621325
0.648677
0.660235
0.621325
0.651442
0.627075
0.653026
0.661924
0.626031
0.642817
0.650964
0.638972
0.642817
0.639791
0.639791
0.653026
0.651442
0.627075
0.653026
0.650964
0.638972
0.642817
0.650964
0.638972
0.642817
0.661329
0.637788
0.632241
0.650021
0.650021
0.632241
0.638972
0.650964
0.642817
0.650964
0.638972
0.642817
0.650021
0.650021
0.632241
0.639791
0.639791
0.653026
0.650964
0.638972
0.642817
0.638972
0.650964
0.642817
0.627075
0.651442
0.653026
0.639791
0.639791
0.653026
0.638972
0.650964
0.642817
0.638972
0.650964
0.642817
0.650021
0.650021
0.632241
0.637788
0.661329
0.632241
0.627075
0.651442
0.653026
0.638972
0.650964
0.642817
0.626031
0.661924
0.642817
0.640182
0.627793
0.662843
0.651442
0.627075
0.653026
0.639791
0.639791
0.653026
0.627793
0.640182
0.662843
0.640182
0.627793
0.662843
0.639791
0.639791
0.653026
0.628126
0.628126
0.672242
0.640182
0.627793
0.662843
0.627793
0.640182
0.662843
0.627793
0.640182
0.662843
0.639791
0.639791
0.653026
0.627075
0.651442
0.653026
0.646984
0.669629
0.610099
0.658711
0.658711
0.610099
0.656809
0.667902
0.598589
0.648677
0.660235
0.621325
0.658711
0.658711
0.610099
0.646984
0.669629
0.610099
0.636287
0.670898
0.621325
0.648677
0.660235
0.621325
0.646984
0.669629
0.610099
0.637788
0.661329
0.632241
0.648677
0.660235
0.621325
0.636287
0.670898
0.621325
0.644986
0.678211
0.598589
0.656809
0.667902
0.598589
0.654576
0.676260
0.586826
0.646984
0.669629
0.610099
0.656809
0.667902
0.598589
0.644986
0.678211
0.598589
0.634509
0.679682
0.610099
0.646984
0.669629
0.610099
0.644986
0.678211
0.598589
0.636287
0.670898
0.621325
0.646984
0.669629
0.610099
0.634509
0.679682
0.610099
0.623134
0.680605
0.621325
0.636287
0.670898
0.621325
0.634509
0.679682
0.610099
0.624705
0.671642
0.632241
0.636287
0.670898
0.621325
0.623134
0.680605
0.621325
0.632486
0.687690
0.598589
0.644986
0.678211
0.598589
0.642717
0.685992
0.586826
0.634509
0.679682
0.610099
0.644986
0.678211
0.598589
0.632486
0.687690
0.598589
0.621347
0.688820
0.610099
0.634509
0.679682
0.610099
0.632486
0.687690
0.598589
0.623134
0.680605
0.621325
0.634509
0.679682
0.610099
0.621347
0.688820
0.610099
0.637788
0.661329
0.632241
0.650021
0.650021
0.632241
0.648677
0.660235
0.621325
0.626031
0.661924
0.642817
0.638972
0.650964
0.642817
0.637788
0.661329
0.632241
0.624705
0.671642
0.632241
0.637788
0.661329
0.632241
0.636287
0.670898
0.621325
0.626031
0.661924
0.642817
0.637788
0.661329
0.632241
0.624705
0.671642
0.632241
0.680605
0.623134
0.621325
0.689302
0.609293
0.621325
0.688820
0.621347
0.610099
0.680897
0.610854
0.632241
0.689302
0.609293
0.621325
0.680605
0.623134
0.621325
0.680897
0.610854
0.632241
0.689037
0.596319
0.632241
0.689302
0.609293
0.621325
0.680460
0.597660
0.642817
0.689037
0.596319
0.632241
0.680897
0.610854
0.632241
0.671779
0.612229
0.642817
0.680460
0.597660
0.642817
0.680897
0.610854
0.632241
0.671208
0.598847
0.653026
0.680460
0.597660
0.642817
0.671779
0.612229
0.642817
0.661941
0.613393
0.653026
0.671208
0.598847
0.653026
0.671779
0.612229
0.642817
0.671642
0.624705
0.632241
0.680897
0.610854
0.632241
0.680605
0.623134
0.621325
0.671779
0.612229
0.642817
0.680897
0.610854
0.632241
0.671642
0.624705
0.632241
0.661924
0.626031
0.642817
0.671779
0.612229
0.642817
0.671642
0.624705
0.632241
0.661941
0.613393
0.653026
0.671779
0.612229
0.642817
0.661924
0.626031
0.642817
0.651442
0.627075
0.653026
0.661941
0.613393
0.653026
0.661924
0.626031
0.642817
0.661277
0.599859
0.662843
0.669803
0.584552
0.662843
0.671208
0.598847
0.653026
0.650661
0.600668
0.672242
0.659803
0.585416
0.672242
0.661277
0.599859
0.662843
0.661277
0.599859
0.662843
0.671208
0.598847
0.653026
0.661941
0.613393
0.653026
0.651376
0.614313
0.662843
0.661277
0.599859
0.662843
0.661941
0.613393
0.653026
0.679682
0.634509
0.610099
0.688820
0.621347
0.610099
0.687690
0.632486
0.598589
0.680605
0.623134
0.621325
0.688820
0.621347
0.610099
0.679682
0.634509
0.610099
0.670898
0.636287
0.621325
0.680605
0.623134
0.621325
0.679682
0.634509
0.610099
0.671642
0.624705
0.632241
0.680605
0.623134
0.621325
0.670898
0.636287
0.621325
0.678211
0.644986
0.598589
0.687690
0.632486
0.598589
0.685992
0.642717
0.586826
0.679682
0.634509
0.610099
0.687690
0.632486
0.598589
0.678211
0.644986
0.598589
0.669629
0.646984
0.610099
0.679682
0.634509
0.610099
0.678211
0.644986
0.598589
0.670898
0.636287
0.621325
0.679682
0.634509
0.610099
0.669629
0.646984
0.610099
0.660235
0.648677
0.621325
0.670898
0.636287
0.621325
0.669629
0.646984
0.610099
0.661329
0.637788
0.632241
0.670898
0.636287
0.621325
0.660235
0.648677
0.621325
0.667902
0.656809
0.598589
0.678211
0.644986
0.598589
0.676260
0.654576
0.586826
0.669629
0.646984
0.610099
0.678211
0.644986
0.598589
0.667902
0.656809
0.598589
0.658711
0.658711
0.610099
0.669629
0.646984
0.610099
0.667902
0.656809
0.598589
0.660235
0.648677
0.621325
0.669629
0.646984
0.610099
0.658711
0.658711
0.610099
0.661329
0.637788
0.632241
0.671642
0.624705
0.632241
0.670898
0.636287
0.621325
0.661924
0.626031
0.642817
0.671642
0.624705
0.632241
0.661329
0.637788
0.632241
0.650964
0.638972
0.642817
0.661924
0.626031
0.642817
0.661329
0.637788
0.632241
0.650021
0.650021
0.632241
0.661329
0.637788
0.632241
0.660235
0.648677
0.621325
0.656809
0.667902
0.598589
0.667902
0.656809
0.598589
0.665773
0.665773
0.586826
0.658711
0.658711
0.610099
0.667902
0.656809
0.598589
0.656809
0.667902
0.598589
