0.343750
0.361632
0.362577
0.343750
0.367269
0.357183
0.349036
0.361028
0.357183
0.343750
0.350799
0.374416
0.343750
0.356718
0.367759
0.349979
0.349979
0.367759
0.343750
0.375000
0.350364
0.346965
0.375000
0.346974
0.348558
0.372925
0.346974
0.343750
0.375000
0.350364
0.348558
0.372925
0.346974
0.343750
0.373404
0.351656
0.356718
0.343750
0.367759
0.350799
0.343750
0.374416
0.349979
0.349979
0.367759
0.367269
0.343750
0.357183
0.361632
0.343750
0.362577
0.361028
0.349036
0.357183
0.352255
0.372689
0.343750
0.360081
0.364149
0.343750
0.360209
0.360209
0.346974
0.352255
0.372689
0.343750
0.360209
0.360209
0.346974
0.348558
0.372925
0.346974
0.360081
0.364149
0.343750
0.364149
0.360081
0.343750
0.360209
0.360209
0.346974
0.364149
0.360081
0.343750
0.372689
0.352255
0.343750
0.372925
0.348558
0.346974
0.364149
0.360081
0.343750
0.372925
0.348558
0.346974
0.360209
0.360209
0.346974
0.343750
0.367269
0.357183
0.343750
0.373404
0.351656
0.348558
0.372925
0.346974
0.343750
0.367269
0.357183
0.348558
0.372925
0.346974
0.349036
0.361028
0.357183
0.343750
0.356718
0.367759
0.343750
0.361632
0.362577
0.349036
0.361028
0.357183
0.343750
0.356718
0.367759
0.349036
0.361028
0.357183
0.349979
0.349979
0.367759
0.349036
0.361028
0.357183
0.348558
0.372925
0.346974
0.360209
0.360209
0.346974
0.361028
0.349036
0.357183
0.349036
0.361028
0.357183
0.360209
0.360209
0.346974
0.349979
0.349979
0.367759
0.349036
0.361028
0.357183
0.361028
0.349036
0.357183
0.361632
0.343750
0.362577
0.356718
0.343750
0.367759
0.349979
0.349979
0.367759
0.361632
0.343750
0.362577
0.349979
0.349979
0.367759
0.361028
0.349036
0.357183
0.361028
0.349036
0.357183
0.360209
0.360209
0.346974
0.372925
0.348558
0.346974
0.373404
0.343750
0.351656
0.367269
0.343750
0.357183
0.361028
0.349036
0.357183
0.373404
0.343750
0.351656
0.361028
0.349036
0.357183
0.372925
0.348558
0.346974
0.350324
0.343750
0.375000
0.343750
0.350324
0.375000
0.343750
0.350799
0.374416
0.350324
0.343750
0.375000
0.343750
0.350799
0.374416
0.349979
0.349979
0.367759
0.350324
0.343750
0.375000
0.349979
0.349979
0.367759
0.350799
0.343750
0.374416
0.346965
0.375000
0.346974
0.348569
0.375000
0.345377
0.348558
0.372925
0.346974
0.350336
0.375000
0.343750
0.352255
0.372689
0.343750
0.348558
0.372925
0.346974
0.350336
0.375000
0.343750
0.348558
0.372925
0.346974
0.348569
0.375000
0.345377
0.375000
0.343750
0.350364
0.373404
0.343750
0.351656
0.372925
0.348558
0.346974
0.375000
0.343750
0.350364
0.372925
0.348558
0.346974
0.375000
0.346965
0.346974
0.372689
0.352255
0.343750
0.375000
0.350336
0.343750
0.375000
0.348569
0.345377
0.372689
0.352255
0.343750
0.375000
0.348569
0.345377
0.372925
0.348558
0.346974
0.375000
0.348569
0.345377
0.375000
0.346965
0.346974
0.372925
0.348558
0.346974
