0.625000
0.625000
0.625313
0.625313
0.654623
0.656250
0.625000
0.627311
0.625313
0.625313
0.656250
0.656250
0.625000
0.625000
0.625313
0.625313
0.653026
0.654623
0.626596
0.625000
0.625313
0.625313
0.648344
0.649636
0.625000
0.625000
0.625313
0.625313
0.649636
0.653026
0.651431
0.653035
0.625313
0.625313
0.654623
0.653026
0.647745
0.649664
0.625313
0.625313
0.656250
0.656250
0.649664
0.651431
0.625313
0.625313
0.656250
0.654623
0.649676
0.649201
0.625313
0.625313
0.625000
0.625584
0.656250
0.656250
0.625313
0.625313
0.625584
0.625000
0.656250
0.649676
0.625313
0.625313
0.625000
0.625000
0.656250
0.656250
0.625313
0.625313
0.648344
0.642817
0.656250
0.656250
0.625313
0.625313
0.637423
0.632241
0.643282
0.638368
0.625313
0.625313
0.632241
0.637423
0.632731
0.626596
0.625313
0.625313
0.642817
0.648344
0.639919
0.647745
0.625313
0.625313
0.656250
0.656250
0.635851
0.639919
0.625313
0.625313
0.656250
0.656250
0.627311
0.635851
0.625313
0.625313
0.656250
0.656250
0.649201
0.643282
0.625313
0.625313
0.625584
0.632241
0.638368
0.632731
0.625313
0.625313
0.637423
0.642817
0.653035
0.656250
0.625313
0.625313
0.653026
0.649636
0.656250
0.656250
0.625313
0.625313
0.649636
0.648344
0.656250
0.656250
0.625313
0.625313
0.642817
0.637423
0.656250
0.656250
0.625313
0.625313
0.632241
0.625584
