0.625313
0.625313
0.625313
0.625313
0.654623
0.656250
0.625313
0.625313
0.625313
0.625313
0.656250
0.656250
0.625313
0.625313
0.625313
0.625313
0.653026
0.654623
0.625313
0.625313
0.625313
0.625313
0.648344
0.649636
0.625313
0.625313
0.625313
0.625313
0.649636
0.653026
0.625313
0.625313
0.625313
0.625313
0.654623
0.653026
0.625313
0.625313
0.625313
0.625313
0.656250
0.656250
0.625313
0.625313
0.625313
0.625313
0.656250
0.654623
0.625313
0.625313
0.625313
0.625313
0.625000
0.625584
0.625313
0.625313
0.625313
0.625313
0.625584
0.625000
0.625313
0.625313
0.625313
0.625313
0.625000
0.625000
0.625313
0.625313
0.625313
0.625313
0.648344
0.642817
0.625313
0.625313
0.625313
0.625313
0.637423
0.632241
0.625313
0.625313
0.625313
0.625313
0.632241
0.637423
0.625313
0.625313
0.625313
0.625313
0.642817
0.648344
0.625313
0.625313
0.625313
0.625313
0.656250
0.656250
0.625313
0.625313
0.625313
0.625313
0.656250
0.656250
0.625313
0.625313
0.625313
0.625313
0.656250
0.656250
0.625313
0.625313
0.625313
0.625313
0.625584
0.632241
0.625313
0.625313
0.625313
0.625313
0.637423
0.642817
0.625313
0.625313
0.625313
0.625313
0.653026
0.649636
0.625313
0.625313
0.625313
0.625313
0.649636
0.648344
0.625313
0.625313
0.625313
0.625313
0.642817
0.637423
0.625313
0.625313
0.625313
0.625313
0.632241
0.625584
