0.625000
0.649664
0.656250
0.627311
0.647745
0.656250
0.627075
0.651442
0.653026
0.625000
0.649664
0.656250
0.627075
0.651442
0.653026
0.625000
0.651431
0.654623
0.625000
0.651431
0.654623
0.627075
0.651442
0.653026
0.625000
0.653035
0.653026
0.625000
0.653035
0.653026
0.627075
0.651442
0.653026
0.626596
0.656250
0.648344
0.625000
0.653035
0.653026
0.626596
0.656250
0.648344
0.625000
0.656250
0.649636
0.651431
0.625000
0.654623
0.653035
0.625000
0.653026
0.651442
0.627075
0.653026
0.649664
0.625000
0.656250
0.651431
0.625000
0.654623
0.651442
0.627075
0.653026
0.649664
0.625000
0.656250
0.651442
0.627075
0.653026
0.647745
0.627311
0.656250
0.656250
0.649676
0.625000
0.649676
0.656250
0.625000
0.649201
0.656250
0.625584
0.656250
0.649676
0.625000
0.649201
0.656250
0.625584
0.650021
0.650021
0.632241
0.656250
0.649676
0.625000
0.650021
0.650021
0.632241
0.656250
0.649201
0.625584
0.656250
0.626596
0.648344
0.656250
0.632731
0.642817
0.650964
0.638972
0.642817
0.656250
0.626596
0.648344
0.650964
0.638972
0.642817
0.651442
0.627075
0.653026
0.639791
0.639791
0.653026
0.651442
0.627075
0.653026
0.650964
0.638972
0.642817
0.656250
0.638368
0.637423
0.656250
0.643282
0.632241
0.650021
0.650021
0.632241
0.656250
0.638368
0.637423
0.650021
0.650021
0.632241
0.650964
0.638972
0.642817
0.638972
0.650964
0.642817
0.650964
0.638972
0.642817
0.650021
0.650021
0.632241
0.639791
0.639791
0.653026
0.650964
0.638972
0.642817
0.638972
0.650964
0.642817
0.627075
0.651442
0.653026
0.639791
0.639791
0.653026
0.638972
0.650964
0.642817
0.638972
0.650964
0.642817
0.650021
0.650021
0.632241
0.643282
0.656250
0.632241
0.638972
0.650964
0.642817
0.643282
0.656250
0.632241
0.638368
0.656250
0.637423
0.627075
0.651442
0.653026
0.638972
0.650964
0.642817
0.632731
0.656250
0.642817
0.627075
0.651442
0.653026
0.632731
0.656250
0.642817
0.626596
0.656250
0.648344
0.647745
0.627311
0.656250
0.651442
0.627075
0.653026
0.639791
0.639791
0.653026
0.647745
0.627311
0.656250
0.639791
0.639791
0.653026
0.639919
0.635851
0.656250
0.635851
0.639919
0.656250
0.639919
0.635851
0.656250
0.639791
0.639791
0.653026
0.635851
0.639919
0.656250
0.639791
0.639791
0.653026
0.627075
0.651442
0.653026
0.635851
0.639919
0.656250
0.627075
0.651442
0.653026
0.627311
0.647745
0.656250
0.643282
0.656250
0.632241
0.650021
0.650021
0.632241
0.649201
0.656250
0.625584
0.632731
0.656250
0.642817
0.638972
0.650964
0.642817
0.638368
0.656250
0.637423
0.656250
0.625000
0.649636
0.656250
0.626596
0.648344
0.651442
0.627075
0.653026
0.656250
0.625000
0.649636
0.651442
0.627075
0.653026
0.653035
0.625000
0.653026
0.656250
0.632731
0.642817
0.656250
0.638368
0.637423
0.650964
0.638972
0.642817
0.656250
0.643282
0.632241
0.656250
0.649201
0.625584
0.650021
0.650021
0.632241
