0.652301
0.652638
0.656250
0.652638
0.650216
0.653715
0.652638
0.656250
0.652638
0.652301
0.653715
0.650216
0.656250
0.656250
0.652301
0.656250
0.650216
0.645997
0.656250
0.652301
0.656250
0.656250
0.645997
0.650216
0.652793
0.652638
0.649736
0.652638
0.656250
0.653715
0.652638
0.649736
0.652638
0.652793
0.653715
0.656250
0.649736
0.652793
0.652793
0.649736
0.656250
0.656250
0.652638
0.652301
0.652638
0.656250
0.653715
0.650216
0.652301
0.648730
0.656250
0.656250
0.650216
0.653715
0.648730
0.652638
0.656250
0.652638
0.653715
0.653715
0.652638
0.648730
0.652638
0.656250
0.653715
0.653715
0.648730
0.645996
0.656250
0.656250
0.653715
0.656250
0.645996
0.649736
0.656250
0.652793
0.656250
0.656250
0.649736
0.652638
0.652793
0.652638
0.656250
0.653715
0.656250
0.652638
0.652301
0.652638
0.650216
0.653715
0.652638
0.656250
0.652638
0.648730
0.653715
0.653715
0.656250
0.656250
0.648730
0.652301
0.653715
0.650216
0.656250
0.652638
0.648730
0.652638
0.653715
0.653715
0.652638
0.652793
0.652638
0.649736
0.653715
0.656250
0.652793
0.656250
0.649736
0.645996
0.656250
0.656250
0.656250
0.656250
0.645996
0.648730
0.656250
0.653715
