0.750000
0.666667
0.500000
0.375000
0.500000
0.375000
0.000000
0.666667
0.708333
0.375000
0.500000
0.375000
0.375000
0.000000
0.708333
0.750000
0.500000
0.500000
0.375000
0.500000
0.000000
0.500000
0.375000
0.500000
0.500000
0.750000
0.708333
0.000000
0.375000
0.375000
0.500000
0.375000
0.708333
0.666667
0.000000
0.375000
0.500000
0.375000
0.375000
0.666667
0.708333
0.000000
0.500000
0.500000
0.375000
0.500000
0.708333
0.750000
0.000000
0.500000
0.375000
0.250000
0.291667
0.500000
0.500000
0.000000
0.375000
0.375000
0.291667
0.333333
0.500000
0.375000
0.000000
0.375000
0.500000
0.333333
0.291667
0.375000
0.375000
0.000000
0.500000
0.500000
0.291667
0.250000
0.375000
0.500000
0.000000
0.250000
0.333333
0.500000
0.375000
0.500000
0.375000
0.000000
0.333333
0.291667
0.375000
0.375000
0.375000
0.500000
0.000000
0.291667
0.250000
0.375000
0.500000
0.500000
0.500000
0.000000
