0.333333
0.353750
0.375000
0.354583
0.375000
0.375000
4.000000
0.375000
0.375000
0.333333
0.353750
0.375000
0.354583
1.000000
0.375000
0.354583
0.375000
0.375000
0.333333
0.353750
2.000000
0.291667
0.332500
0.375000
0.334167
0.500000
0.500000
4.000000
0.375000
0.375000
0.291667
0.312083
0.500000
0.438750
1.000000
0.375000
0.354583
0.333333
0.353750
0.375000
0.375000
4.000000
0.333333
0.312917
0.375000
0.375000
0.375000
0.436250
2.000000
0.333333
0.353750
0.375000
0.375000
0.375000
0.354583
2.000000
0.375000
0.375000
0.375000
0.436250
0.333333
0.312917
1.000000
0.375000
0.334167
0.500000
0.500000
0.291667
0.332500
2.000000
0.291667
0.312083
0.500000
0.438750
0.375000
0.375000
4.000000
0.333333
0.312917
0.375000
0.436250
0.375000
0.375000
4.000000
0.291667
0.271250
0.500000
0.500000
0.375000
0.436250
2.000000
0.250000
0.333333
0.500000
0.375000
0.500000
0.375000
0.000000
0.375000
0.436250
0.333333
0.312917
0.375000
0.375000
4.000000
0.500000
0.500000
0.291667
0.332500
0.375000
0.334167
1.000000
0.500000
0.438750
0.375000
0.375000
0.291667
0.312083
2.000000
0.375000
0.375000
0.375000
0.354583
0.333333
0.353750
1.000000
0.500000
0.438750
0.500000
0.500000
0.250000
0.270417
2.000000
0.375000
0.375000
0.500000
0.438750
0.291667
0.312083
1.000000
0.375000
0.436250
0.375000
0.375000
0.333333
0.312917
2.000000
0.500000
0.500000
0.375000
0.436250
0.291667
0.271250
1.000000
0.333333
0.353750
0.375000
0.354583
0.625000
0.625000
4.000000
0.375000
0.375000
0.333333
0.312917
0.625000
0.563750
1.000000
0.375000
0.334167
0.291667
0.332500
0.500000
0.500000
4.000000
0.291667
0.312083
0.375000
0.375000
0.500000
0.561250
2.000000
0.333333
0.353750
0.375000
0.375000
0.625000
0.645417
2.000000
0.375000
0.375000
0.375000
0.354583
0.666667
0.646250
1.000000
0.375000
0.354583
0.333333
0.353750
0.625000
0.625000
4.000000
0.291667
0.271250
0.375000
0.436250
0.500000
0.500000
4.000000
0.250000
0.270417
0.500000
0.500000
0.500000
0.561250
2.000000
0.291667
0.312083
0.500000
0.438750
0.625000
0.625000
4.000000
0.333333
0.312917
0.375000
0.375000
0.625000
0.563750
2.000000
0.333333
0.312917
0.375000
0.436250
0.625000
0.625000
4.000000
0.291667
0.332500
0.500000
0.500000
0.625000
0.665833
2.000000
0.375000
0.375000
0.500000
0.438750
0.708333
0.687917
1.000000
0.375000
0.354583
0.375000
0.375000
0.666667
0.646250
2.000000
0.375000
0.375000
0.291667
0.312083
0.500000
0.561250
1.000000
0.375000
0.436250
0.333333
0.312917
0.625000
0.625000
4.000000
0.500000
0.500000
0.291667
0.271250
0.625000
0.563750
1.000000
0.500000
0.438750
0.250000
0.270417
0.500000
0.500000
4.000000
0.375000
0.375000
0.333333
0.353750
0.625000
0.645417
1.000000
0.375000
0.436250
0.375000
0.375000
0.666667
0.687083
2.000000
0.500000
0.500000
0.375000
0.334167
0.708333
0.667500
1.000000
0.500000
0.438750
0.291667
0.312083
0.625000
0.625000
4.000000
0.291667
0.332500
0.500000
0.500000
0.375000
0.334167
2.000000
0.375000
0.375000
0.500000
0.561250
0.291667
0.312083
1.000000
0.375000
0.354583
0.625000
0.625000
0.333333
0.353750
2.000000
0.333333
0.312917
0.625000
0.563750
0.375000
0.375000
4.000000
0.291667
0.312083
0.500000
0.561250
0.375000
0.375000
4.000000
0.333333
0.312917
0.625000
0.625000
0.375000
0.436250
2.000000
0.291667
0.271250
0.625000
0.563750
0.500000
0.500000
4.000000
0.250000
0.270417
0.500000
0.500000
0.500000
0.438750
2.000000
0.333333
0.353750
0.625000
0.625000
0.375000
0.354583
2.000000
0.375000
0.375000
0.625000
0.645417
0.333333
0.353750
1.000000
0.375000
0.354583
0.666667
0.646250
0.375000
0.375000
4.000000
0.333333
0.353750
0.625000
0.645417
0.375000
0.375000
4.000000
0.375000
0.375000
0.666667
0.687083
0.375000
0.436250
1.000000
0.375000
0.334167
0.708333
0.667500
0.500000
0.500000
4.000000
0.291667
0.312083
0.625000
0.625000
0.500000
0.438750
2.000000
0.500000
0.500000
0.500000
0.561250
0.250000
0.270417
1.000000
0.500000
0.438750
0.625000
0.625000
0.291667
0.312083
2.000000
0.375000
0.375000
0.625000
0.563750
0.333333
0.312917
1.000000
0.375000
0.436250
0.500000
0.500000
0.291667
0.271250
2.000000
0.375000
0.375000
0.666667
0.646250
0.375000
0.354583
1.000000
0.375000
0.436250
0.625000
0.625000
0.333333
0.312917
2.000000
0.500000
0.500000
0.625000
0.665833
0.291667
0.332500
1.000000
0.500000
0.438750
0.708333
0.687917
0.375000
0.375000
4.000000
0.500000
0.438750
0.750000
0.729583
0.500000
0.500000
4.000000
0.375000
0.375000
0.708333
0.687917
0.500000
0.438750
1.000000
0.375000
0.436250
0.666667
0.687083
0.375000
0.375000
4.000000
0.500000
0.500000
0.708333
0.728750
0.375000
0.436250
1.000000
0.291667
0.312083
0.625000
0.625000
0.500000
0.561250
2.000000
0.333333
0.312917
0.625000
0.563750
0.625000
0.625000
4.000000
0.291667
0.271250
0.500000
0.500000
0.625000
0.563750
2.000000
0.250000
0.270417
0.500000
0.561250
0.500000
0.500000
4.000000
0.291667
0.312083
0.500000
0.561250
0.625000
0.625000
4.000000
0.333333
0.353750
0.625000
0.625000
0.625000
0.645417
2.000000
0.375000
0.375000
0.625000
0.563750
0.666667
0.687083
1.000000
0.375000
0.334167
0.500000
0.500000
0.708333
0.667500
2.000000
0.291667
0.332500
0.625000
0.665833
0.500000
0.500000
4.000000
0.375000
0.375000
0.708333
0.687917
0.500000
0.561250
1.000000
0.375000
0.354583
0.666667
0.646250
0.625000
0.625000
4.000000
0.333333
0.312917
0.625000
0.625000
0.625000
0.563750
2.000000
0.333333
0.353750
0.625000
0.645417
0.625000
0.625000
4.000000
0.375000
0.375000
0.666667
0.646250
0.625000
0.645417
1.000000
0.375000
0.354583
0.625000
0.625000
0.666667
0.646250
2.000000
0.375000
0.375000
0.500000
0.561250
0.708333
0.687917
1.000000
0.375000
0.436250
0.625000
0.625000
0.666667
0.687083
2.000000
0.500000
0.500000
0.625000
0.563750
0.708333
0.728750
1.000000
0.500000
0.438750
0.500000
0.500000
0.750000
0.729583
2.000000
0.500000
0.500000
0.750000
0.729583
0.500000
0.561250
1.000000
0.500000
0.438750
0.708333
0.687917
0.625000
0.625000
4.000000
0.375000
0.375000
0.666667
0.687083
0.625000
0.563750
1.000000
0.375000
0.436250
0.708333
0.728750
0.500000
0.500000
4.000000
0.375000
0.436250
0.666667
0.687083
0.625000
0.625000
4.000000
0.500000
0.500000
0.708333
0.667500
0.625000
0.665833
1.000000
0.500000
0.438750
0.625000
0.625000
0.708333
0.687917
2.000000
0.375000
0.375000
0.625000
0.645417
0.666667
0.646250
1.000000
0.500000
0.561250
0.291667
0.312083
0.375000
0.375000
4.000000
0.625000
0.625000
0.333333
0.353750
0.375000
0.354583
1.000000
0.625000
0.563750
0.375000
0.375000
0.333333
0.312917
2.000000
0.500000
0.500000
0.375000
0.334167
0.291667
0.332500
1.000000
0.625000
0.625000
0.291667
0.312083
0.500000
0.438750
1.000000
0.625000
0.563750
0.333333
0.312917
0.375000
0.375000
4.000000
0.500000
0.500000
0.291667
0.271250
0.375000
0.436250
1.000000
0.500000
0.561250
0.250000
0.270417
0.500000
0.500000
4.000000
0.500000
0.561250
0.375000
0.375000
0.291667
0.312083
2.000000
0.625000
0.625000
0.375000
0.436250
0.333333
0.312917
1.000000
0.625000
0.563750
0.500000
0.500000
0.291667
0.271250
2.000000
0.500000
0.500000
0.500000
0.438750
0.250000
0.270417
1.000000
0.666667
0.646250
0.375000
0.375000
0.375000
0.354583
2.000000
0.625000
0.625000
0.375000
0.354583
0.333333
0.353750
1.000000
0.625000
0.645417
0.333333
0.353750
0.375000
0.375000
4.000000
0.708333
0.687917
0.375000
0.375000
0.500000
0.438750
2.000000
0.666667
0.646250
0.375000
0.354583
0.375000
0.375000
4.000000
0.625000
0.625000
0.333333
0.312917
0.375000
0.436250
1.000000
0.625000
0.665833
0.291667
0.332500
0.500000
0.500000
4.000000
0.666667
0.687083
0.375000
0.436250
0.375000
0.375000
4.000000
0.708333
0.667500
0.500000
0.500000
0.375000
0.334167
2.000000
0.625000
0.625000
0.500000
0.438750
0.291667
0.312083
1.000000
0.625000
0.645417
0.375000
0.375000
0.333333
0.353750
2.000000
0.666667
0.687083
0.375000
0.375000
0.375000
0.436250
2.000000
0.708333
0.728750
0.375000
0.436250
0.500000
0.500000
4.000000
0.750000
0.666667
0.500000
0.375000
0.500000
0.375000
0.000000
0.500000
0.561250
0.291667
0.312083
0.625000
0.625000
4.000000
0.625000
0.625000
0.333333
0.312917
0.625000
0.563750
1.000000
0.625000
0.563750
0.291667
0.271250
0.500000
0.500000
4.000000
0.500000
0.500000
0.250000
0.270417
0.500000
0.561250
1.000000
0.500000
0.500000
0.291667
0.332500
0.625000
0.665833
1.000000
0.500000
0.561250
0.375000
0.375000
0.708333
0.687917
2.000000
0.625000
0.625000
0.375000
0.354583
0.666667
0.646250
1.000000
0.625000
0.563750
0.333333
0.312917
0.625000
0.625000
4.000000
0.625000
0.625000
0.500000
0.438750
0.708333
0.687917
1.000000
0.625000
0.563750
0.375000
0.375000
0.666667
0.687083
2.000000
0.500000
0.500000
0.375000
0.436250
0.708333
0.728750
1.000000
0.500000
0.561250
0.500000
0.500000
0.750000
0.729583
2.000000
0.666667
0.687083
0.375000
0.375000
0.625000
0.563750
2.000000
0.708333
0.667500
0.375000
0.334167
0.500000
0.500000
4.000000
0.625000
0.625000
0.291667
0.312083
0.500000
0.561250
1.000000
0.625000
0.645417
0.333333
0.353750
0.625000
0.625000
4.000000
0.666667
0.646250
0.375000
0.354583
0.625000
0.625000
4.000000
0.625000
0.625000
0.333333
0.353750
0.625000
0.645417
1.000000
0.625000
0.645417
0.375000
0.375000
0.666667
0.646250
2.000000
0.708333
0.687917
0.375000
0.375000
0.500000
0.561250
2.000000
0.666667
0.687083
0.375000
0.436250
0.625000
0.625000
4.000000
0.708333
0.728750
0.500000
0.500000
0.625000
0.563750
2.000000
0.750000
0.729583
0.500000
0.438750
0.500000
0.500000
4.000000
0.666667
0.646250
0.375000
0.375000
0.625000
0.645417
2.000000
0.625000
0.625000
0.375000
0.436250
0.666667
0.687083
1.000000
0.625000
0.665833
0.500000
0.500000
0.708333
0.667500
2.000000
0.708333
0.687917
0.500000
0.438750
0.625000
0.625000
4.000000
0.625000
0.625000
0.500000
0.561250
0.291667
0.312083
1.000000
0.625000
0.563750
0.625000
0.625000
0.333333
0.312917
2.000000
0.500000
0.500000
0.625000
0.563750
0.291667
0.271250
1.000000
0.500000
0.561250
0.500000
0.500000
0.250000
0.270417
2.000000
0.500000
0.500000
0.708333
0.667500
0.375000
0.334167
1.000000
0.500000
0.561250
0.625000
0.625000
0.291667
0.312083
2.000000
0.625000
0.625000
0.625000
0.645417
0.333333
0.353750
1.000000
0.625000
0.563750
0.666667
0.687083
0.375000
0.375000
4.000000
0.500000
0.561250
0.708333
0.687917
0.375000
0.375000
4.000000
0.625000
0.625000
0.666667
0.687083
0.375000
0.436250
1.000000
0.625000
0.563750
0.708333
0.728750
0.500000
0.500000
4.000000
0.500000
0.500000
0.750000
0.729583
0.500000
0.438750
1.000000
0.708333
0.687917
0.500000
0.561250
0.375000
0.375000
4.000000
0.666667
0.646250
0.625000
0.625000
0.375000
0.354583
2.000000
0.625000
0.625000
0.625000
0.563750
0.333333
0.312917
1.000000
0.625000
0.665833
0.500000
0.500000
0.291667
0.332500
2.000000
0.708333
0.728750
0.500000
0.500000
0.375000
0.436250
2.000000
0.750000
0.729583
0.500000
0.561250
0.500000
0.500000
4.000000
0.708333
0.687917
0.625000
0.625000
0.500000
0.438750
2.000000
0.666667
0.687083
0.625000
0.563750
0.375000
0.375000
4.000000
0.666667
0.646250
0.625000
0.645417
0.375000
0.375000
4.000000
0.625000
0.625000
0.666667
0.646250
0.375000
0.354583
1.000000
0.625000
0.645417
0.625000
0.625000
0.333333
0.353750
2.000000
0.666667
0.687083
0.625000
0.625000
0.375000
0.436250
2.000000
0.708333
0.667500
0.625000
0.665833
0.500000
0.500000
4.000000
0.625000
0.625000
0.708333
0.687917
0.500000
0.438750
1.000000
0.625000
0.645417
0.666667
0.646250
0.375000
0.375000
4.000000
0.500000
0.561250
0.625000
0.625000
0.708333
0.687917
2.000000
0.625000
0.625000
0.625000
0.563750
0.666667
0.687083
1.000000
0.625000
0.563750
0.500000
0.500000
0.708333
0.728750
2.000000
0.500000
0.500000
0.500000
0.561250
0.750000
0.729583
1.000000
0.625000
0.625000
0.708333
0.687917
0.500000
0.561250
1.000000
0.625000
0.563750
0.666667
0.687083
0.625000
0.625000
4.000000
0.500000
0.500000
0.708333
0.728750
0.625000
0.563750
1.000000
0.500000
0.561250
0.750000
0.729583
0.500000
0.500000
4.000000
0.500000
0.561250
0.708333
0.687917
0.625000
0.625000
4.000000
0.625000
0.625000
0.666667
0.646250
0.625000
0.645417
1.000000
0.625000
0.563750
0.625000
0.625000
0.666667
0.687083
2.000000
0.500000
0.500000
0.625000
0.665833
0.708333
0.667500
1.000000
0.708333
0.687917
0.500000
0.561250
0.625000
0.625000
4.000000
0.666667
0.687083
0.625000
0.625000
0.625000
0.563750
2.000000
0.708333
0.728750
0.625000
0.563750
0.500000
0.500000
4.000000
0.750000
0.729583
0.500000
0.500000
0.500000
0.561250
2.000000
0.708333
0.667500
0.500000
0.500000
0.625000
0.665833
2.000000
0.625000
0.625000
0.500000
0.561250
0.708333
0.687917
1.000000
0.625000
0.645417
0.625000
0.625000
0.666667
0.646250
2.000000
0.666667
0.687083
0.625000
0.563750
0.625000
0.625000
4.000000
0.708333
0.687917
0.625000
0.625000
0.500000
0.561250
2.000000
0.666667
0.646250
0.625000
0.645417
0.625000
0.625000
4.000000
0.625000
0.625000
0.666667
0.687083
0.625000
0.563750
1.000000
0.625000
0.665833
0.708333
0.667500
0.500000
0.500000
4.000000
0.666667
0.646250
0.625000
0.625000
0.625000
0.645417
2.000000
0.625000
0.625000
0.625000
0.645417
0.666667
0.646250
1.000000
0.625000
0.645417
0.666667
0.646250
0.625000
0.625000
4.000000
