0.506250
0.618750
0.293750
0.331250
0.368750
0.368750
4.000000
0.618750
0.618750
0.331250
0.368750
0.368750
0.331250
1.000000
0.618750
0.506250
0.368750
0.368750
0.331250
0.293750
2.000000
0.506250
0.506250
0.368750
0.293750
0.293750
0.368750
1.000000
0.618750
0.618750
0.293750
0.331250
0.493750
0.381250
1.000000
0.618750
0.506250
0.331250
0.293750
0.381250
0.381250
4.000000
0.506250
0.506250
0.293750
0.256250
0.381250
0.493750
1.000000
0.506250
0.618750
0.256250
0.293750
0.493750
0.493750
4.000000
0.506250
0.618750
0.381250
0.381250
0.293750
0.331250
2.000000
0.618750
0.618750
0.381250
0.493750
0.331250
0.293750
1.000000
0.618750
0.506250
0.493750
0.493750
0.293750
0.256250
2.000000
0.506250
0.506250
0.493750
0.381250
0.256250
0.293750
1.000000
0.668750
0.631250
0.368750
0.368750
0.368750
0.331250
2.000000
0.631250
0.631250
0.368750
0.331250
0.331250
0.368750
1.000000
0.631250
0.668750
0.331250
0.368750
0.368750
0.368750
4.000000
0.706250
0.668750
0.368750
0.368750
0.493750
0.381250
2.000000
0.668750
0.631250
0.368750
0.331250
0.381250
0.381250
4.000000
0.631250
0.631250
0.331250
0.293750
0.381250
0.493750
1.000000
0.631250
0.706250
0.293750
0.368750
0.493750
0.493750
4.000000
0.668750
0.706250
0.381250
0.493750
0.368750
0.368750
4.000000
0.706250
0.631250
0.493750
0.493750
0.368750
0.293750
2.000000
0.631250
0.631250
0.493750
0.381250
0.293750
0.331250
1.000000
0.631250
0.668750
0.381250
0.381250
0.331250
0.368750
2.000000
0.668750
0.706250
0.381250
0.381250
0.381250
0.493750
2.000000
0.706250
0.743750
0.381250
0.493750
0.493750
0.493750
4.000000
0.743750
0.668750
0.493750
0.381250
0.493750
0.381250
0.000000
0.506250
0.618750
0.293750
0.331250
0.618750
0.618750
4.000000
0.618750
0.618750
0.331250
0.293750
0.618750
0.506250
1.000000
0.618750
0.506250
0.293750
0.256250
0.506250
0.506250
4.000000
0.506250
0.506250
0.256250
0.293750
0.506250
0.618750
1.000000
0.506250
0.506250
0.293750
0.368750
0.631250
0.706250
1.000000
0.506250
0.618750
0.368750
0.368750
0.706250
0.668750
2.000000
0.618750
0.618750
0.368750
0.331250
0.668750
0.631250
1.000000
0.618750
0.506250
0.331250
0.293750
0.631250
0.631250
4.000000
0.618750
0.618750
0.493750
0.381250
0.706250
0.668750
1.000000
0.618750
0.506250
0.381250
0.381250
0.668750
0.706250
2.000000
0.506250
0.506250
0.381250
0.493750
0.706250
0.743750
1.000000
0.506250
0.618750
0.493750
0.493750
0.743750
0.706250
2.000000
0.668750
0.706250
0.368750
0.368750
0.618750
0.506250
2.000000
0.706250
0.631250
0.368750
0.293750
0.506250
0.506250
4.000000
0.631250
0.631250
0.293750
0.331250
0.506250
0.618750
1.000000
0.631250
0.668750
0.331250
0.368750
0.618750
0.618750
4.000000
0.668750
0.631250
0.368750
0.331250
0.631250
0.631250
4.000000
0.631250
0.631250
0.331250
0.368750
0.631250
0.668750
1.000000
0.631250
0.668750
0.368750
0.368750
0.668750
0.631250
2.000000
0.706250
0.668750
0.381250
0.381250
0.506250
0.618750
2.000000
0.668750
0.706250
0.381250
0.493750
0.618750
0.618750
4.000000
0.706250
0.743750
0.493750
0.493750
0.618750
0.506250
2.000000
0.743750
0.706250
0.493750
0.381250
0.506250
0.506250
4.000000
0.668750
0.631250
0.381250
0.381250
0.631250
0.668750
2.000000
0.631250
0.631250
0.381250
0.493750
0.668750
0.706250
1.000000
0.631250
0.706250
0.493750
0.493750
0.706250
0.631250
2.000000
0.706250
0.668750
0.493750
0.381250
0.631250
0.631250
4.000000
0.618750
0.618750
0.506250
0.618750
0.293750
0.331250
1.000000
0.618750
0.506250
0.618750
0.618750
0.331250
0.293750
2.000000
0.506250
0.506250
0.618750
0.506250
0.293750
0.256250
1.000000
0.506250
0.618750
0.506250
0.506250
0.256250
0.293750
2.000000
0.506250
0.506250
0.706250
0.631250
0.368750
0.293750
1.000000
0.506250
0.618750
0.631250
0.631250
0.293750
0.331250
2.000000
0.618750
0.618750
0.631250
0.668750
0.331250
0.368750
1.000000
0.618750
0.506250
0.668750
0.706250
0.368750
0.368750
4.000000
0.506250
0.618750
0.706250
0.668750
0.381250
0.381250
4.000000
0.618750
0.618750
0.668750
0.706250
0.381250
0.493750
1.000000
0.618750
0.506250
0.706250
0.743750
0.493750
0.493750
4.000000
0.506250
0.506250
0.743750
0.706250
0.493750
0.381250
1.000000
0.706250
0.668750
0.506250
0.618750
0.368750
0.368750
4.000000
0.668750
0.631250
0.618750
0.618750
0.368750
0.331250
2.000000
0.631250
0.631250
0.618750
0.506250
0.331250
0.293750
1.000000
0.631250
0.706250
0.506250
0.506250
0.293750
0.368750
2.000000
0.706250
0.743750
0.506250
0.506250
0.381250
0.493750
2.000000
0.743750
0.706250
0.506250
0.618750
0.493750
0.493750
4.000000
0.706250
0.668750
0.618750
0.618750
0.493750
0.381250
2.000000
0.668750
0.706250
0.618750
0.506250
0.381250
0.381250
4.000000
0.668750
0.631250
0.631250
0.668750
0.368750
0.368750
4.000000
0.631250
0.631250
0.668750
0.631250
0.368750
0.331250
1.000000
0.631250
0.668750
0.631250
0.631250
0.331250
0.368750
2.000000
0.668750
0.706250
0.631250
0.631250
0.381250
0.493750
2.000000
0.706250
0.631250
0.631250
0.706250
0.493750
0.493750
4.000000
0.631250
0.631250
0.706250
0.668750
0.493750
0.381250
1.000000
0.631250
0.668750
0.668750
0.631250
0.381250
0.381250
4.000000
0.506250
0.618750
0.618750
0.618750
0.706250
0.668750
2.000000
0.618750
0.618750
0.618750
0.506250
0.668750
0.706250
1.000000
0.618750
0.506250
0.506250
0.506250
0.706250
0.743750
2.000000
0.506250
0.506250
0.506250
0.618750
0.743750
0.706250
1.000000
0.618750
0.618750
0.706250
0.668750
0.506250
0.618750
1.000000
0.618750
0.506250
0.668750
0.706250
0.618750
0.618750
4.000000
0.506250
0.506250
0.706250
0.743750
0.618750
0.506250
1.000000
0.506250
0.618750
0.743750
0.706250
0.506250
0.506250
4.000000
0.506250
0.618750
0.706250
0.668750
0.631250
0.631250
4.000000
0.618750
0.618750
0.668750
0.631250
0.631250
0.668750
1.000000
0.618750
0.506250
0.631250
0.631250
0.668750
0.706250
2.000000
0.506250
0.506250
0.631250
0.706250
0.706250
0.631250
1.000000
0.706250
0.668750
0.506250
0.618750
0.618750
0.618750
4.000000
0.668750
0.706250
0.618750
0.618750
0.618750
0.506250
2.000000
0.706250
0.743750
0.618750
0.506250
0.506250
0.506250
4.000000
0.743750
0.706250
0.506250
0.506250
0.506250
0.618750
2.000000
0.706250
0.631250
0.506250
0.506250
0.631250
0.706250
2.000000
0.631250
0.631250
0.506250
0.618750
0.706250
0.668750
1.000000
0.631250
0.668750
0.618750
0.618750
0.668750
0.631250
2.000000
0.668750
0.706250
0.618750
0.506250
0.631250
0.631250
4.000000
0.706250
0.668750
0.631250
0.631250
0.506250
0.618750
2.000000
0.668750
0.631250
0.631250
0.668750
0.618750
0.618750
4.000000
0.631250
0.631250
0.668750
0.706250
0.618750
0.506250
1.000000
0.631250
0.706250
0.706250
0.631250
0.506250
0.506250
4.000000
0.668750
0.631250
0.631250
0.631250
0.631250
0.668750
2.000000
0.631250
0.631250
0.631250
0.668750
0.668750
0.631250
1.000000
0.631250
0.668750
0.668750
0.631250
0.631250
0.631250
4.000000
