0.625000
0.625000
0.651431
0.649664
0.654623
0.656250
0.625000
0.627311
0.649664
0.647745
0.656250
0.656250
0.625000
0.625000
0.653035
0.651431
0.653026
0.654623
0.626596
0.625000
0.656250
0.656250
0.648344
0.649636
0.625000
0.625000
0.656250
0.653035
0.649636
0.653026
0.651431
0.653035
0.625000
0.625000
0.654623
0.653026
0.647745
0.649664
0.627311
0.625000
0.656250
0.656250
0.649664
0.651431
0.625000
0.625000
0.656250
0.654623
0.649676
0.649201
0.656250
0.656250
0.625000
0.625584
0.656250
0.656250
0.649201
0.649676
0.625584
0.625000
0.656250
0.649676
0.649676
0.656250
0.625000
0.625000
0.656250
0.656250
0.626596
0.632731
0.648344
0.642817
0.656250
0.656250
0.638368
0.643282
0.637423
0.632241
0.643282
0.638368
0.656250
0.656250
0.632241
0.637423
0.632731
0.626596
0.656250
0.656250
0.642817
0.648344
0.639919
0.647745
0.635851
0.627311
0.656250
0.656250
0.635851
0.639919
0.639919
0.635851
0.656250
0.656250
0.627311
0.635851
0.647745
0.639919
0.656250
0.656250
0.649201
0.643282
0.656250
0.656250
0.625584
0.632241
0.638368
0.632731
0.656250
0.656250
0.637423
0.642817
0.653035
0.656250
0.625000
0.625000
0.653026
0.649636
0.656250
0.656250
0.625000
0.626596
0.649636
0.648344
0.656250
0.656250
0.632731
0.638368
0.642817
0.637423
0.656250
0.656250
0.643282
0.649201
0.632241
0.625584
