0.626462
0.626462
0.625000
0.649617
0.655175
0.655175
0.625692
0.625692
0.625000
0.650846
0.654633
0.654633
0.625692
0.625692
0.625000
0.651970
0.653559
0.653559
0.626224
0.626224
0.625000
0.653576
0.651466
0.651466
0.625532
0.625532
0.625000
0.655178
0.650335
0.650335
0.651970
0.651970
0.625000
0.625692
0.653559
0.653559
0.650846
0.650846
0.625000
0.625692
0.654633
0.654633
0.649617
0.649617
0.625000
0.626462
0.655175
0.655175
0.651709
0.651709
0.625000
0.654059
0.625195
0.625195
0.651824
0.651824
0.625000
0.651982
0.627608
0.627608
0.654174
0.654174
0.625000
0.649632
0.627608
0.627608
0.654488
0.654488
0.625000
0.632766
0.644659
0.644659
0.652885
0.652885
0.625000
0.630881
0.648062
0.648062
0.647399
0.647399
0.625000
0.635279
0.649623
0.649623
0.654174
0.654174
0.625000
0.643890
0.633968
0.633968
0.652411
0.652411
0.625000
0.642453
0.637494
0.637494
0.646652
0.646652
0.625000
0.646652
0.639292
0.639292
0.643242
0.643242
0.625000
0.643242
0.646220
0.646220
0.635279
0.635279
0.625000
0.647399
0.649623
0.649623
0.644091
0.644091
0.625000
0.652411
0.635766
0.635766
0.640207
0.640207
0.625000
0.654488
0.637494
0.637494
0.632926
0.632926
0.625000
0.652885
0.646220
0.646220
0.628801
0.628801
0.625000
0.654647
0.648062
0.648062
0.646326
0.646326
0.625000
0.631392
0.654101
0.654101
0.642485
0.642485
0.625000
0.634318
0.655175
0.655175
0.638520
0.638520
0.625000
0.638520
0.655175
0.655175
0.634239
0.634239
0.625000
0.643717
0.654101
0.654101
0.630079
0.630079
0.625000
0.646369
0.655175
0.655175
0.647501
0.647501
0.625000
0.654174
0.630022
0.630022
0.636690
0.636690
0.625000
0.654488
0.641019
0.641019
0.654647
0.654647
0.625000
0.626224
0.650335
0.650335
0.653576
0.653576
0.625000
0.625692
0.651896
0.651896
0.654488
0.654488
0.625000
0.636690
0.641019
0.641019
0.654174
0.654174
0.625000
0.647501
0.630022
0.630022
