0.627316
0.628001
0.601531
0.615252
0.689690
0.681198
0.628001
0.615147
0.615252
0.615147
0.681198
0.689690
0.615147
0.627316
0.615147
0.601531
0.689690
0.689690
0.628001
0.628126
0.615252
0.628126
0.681198
0.672242
0.628126
0.615252
0.628126
0.628001
0.672242
0.681198
0.615252
0.628001
0.628001
0.615252
0.681198
0.681198
0.628001
0.615252
0.615252
0.628001
0.681198
0.681198
0.615252
0.615147
0.628001
0.615147
0.681198
0.689690
0.615147
0.628001
0.615147
0.615252
0.689690
0.681198
0.615147
0.615252
0.615147
0.628001
0.689690
0.681198
0.615252
0.601531
0.628001
0.627316
0.681198
0.689690
0.601531
0.615147
0.627316
0.615147
0.689690
0.689690
0.628126
0.627793
0.628126
0.640182
0.672242
0.662843
0.627793
0.614951
0.640182
0.640068
0.662843
0.672242
0.614951
0.628126
0.640068
0.628126
0.672242
0.672242
0.628126
0.614951
0.628126
0.640068
0.672242
0.672242
0.614951
0.615252
0.640068
0.628001
0.672242
0.681198
0.615252
0.628126
0.628001
0.628126
0.681198
0.672242
0.615252
0.614951
0.628001
0.640068
0.681198
0.672242
0.614951
0.601241
0.640068
0.639346
0.672242
0.681198
0.601241
0.615252
0.639346
0.628001
0.681198
0.681198
0.615252
0.601241
0.628001
0.639346
0.681198
0.681198
0.601241
0.601531
0.639346
0.627316
0.681198
0.689690
0.601531
0.615252
0.627316
0.628001
0.689690
0.681198
0.601531
0.601241
0.627316
0.639346
0.689690
0.681198
0.601241
0.586638
0.639346
0.637883
0.681198
0.689690
0.586638
0.601531
0.637883
0.627316
0.689690
0.689690
0.627793
0.627075
0.640182
0.651442
0.662843
0.653026
0.627075
0.614313
0.651442
0.651376
0.653026
0.662843
0.614313
0.627793
0.651376
0.640182
0.662843
0.662843
0.627793
0.614313
0.640182
0.651376
0.662843
0.662843
0.614313
0.614951
0.651376
0.640068
0.662843
0.672242
0.614951
0.627793
0.640068
0.640182
0.672242
0.662843
0.614951
0.614313
0.640068
0.651376
0.672242
0.662843
0.614313
0.600668
0.651376
0.650661
0.662843
0.672242
0.600668
0.614951
0.650661
0.640068
0.672242
0.672242
0.614951
0.600668
0.640068
0.650661
0.672242
0.672242
0.600668
0.601241
0.650661
0.639346
0.672242
0.681198
0.601241
0.614951
0.639346
0.640068
0.681198
0.672242
0.601241
0.600668
0.639346
0.650661
0.681198
0.672242
0.600668
0.586121
0.650661
0.649166
0.672242
0.681198
0.586121
0.601241
0.649166
0.639346
0.681198
0.681198
0.627075
0.613393
0.651442
0.661941
0.653026
0.653026
0.613393
0.614313
0.661941
0.651376
0.653026
0.662843
0.614313
0.627075
0.651376
0.651442
0.662843
0.653026
0.614313
0.599859
0.651376
0.661277
0.662843
0.662843
0.599859
0.600668
0.661277
0.650661
0.662843
0.672242
0.600668
0.614313
0.650661
0.651376
0.672242
0.662843
0.623134
0.621347
0.680605
0.688820
0.621325
0.610099
0.621347
0.609293
0.688820
0.689302
0.610099
0.621325
0.609293
0.623134
0.689302
0.680605
0.621325
0.621325
0.623134
0.609293
0.680605
0.689302
0.621325
0.621325
0.609293
0.610854
0.689302
0.680897
0.621325
0.632241
0.610854
0.623134
0.680897
0.680605
0.632241
0.621325
0.627075
0.626031
0.651442
0.661924
0.653026
0.642817
0.626031
0.613393
0.661924
0.661941
0.642817
0.653026
0.613393
0.627075
0.661941
0.651442
0.653026
0.653026
0.626031
0.624705
0.661924
0.671642
0.642817
0.632241
0.624705
0.612229
0.671642
0.671779
0.632241
0.642817
0.612229
0.626031
0.671779
0.661924
0.642817
0.642817
0.626031
0.612229
0.661924
0.671779
0.642817
0.642817
0.612229
0.613393
0.671779
0.661941
0.642817
0.653026
0.613393
0.626031
0.661941
0.661924
0.653026
0.642817
0.613393
0.612229
0.661941
0.671779
0.653026
0.642817
0.612229
0.598847
0.671779
0.671208
0.642817
0.653026
0.598847
0.613393
0.671208
0.661941
0.653026
0.653026
0.624705
0.623134
0.671642
0.680605
0.632241
0.621325
0.623134
0.610854
0.680605
0.680897
0.621325
0.632241
0.610854
0.624705
0.680897
0.671642
0.632241
0.632241
0.624705
0.610854
0.671642
0.680897
0.632241
0.632241
0.610854
0.612229
0.680897
0.671779
0.632241
0.642817
0.612229
0.624705
0.671779
0.671642
0.642817
0.632241
0.612229
0.610854
0.671779
0.680897
0.642817
0.632241
0.610854
0.597660
0.680897
0.680460
0.632241
0.642817
0.597660
0.612229
0.680460
0.671779
0.642817
0.642817
0.612229
0.597660
0.671779
0.680460
0.642817
0.642817
0.597660
0.598847
0.680460
0.671208
0.642817
0.653026
0.598847
0.612229
0.671208
0.671779
0.653026
0.642817
0.610854
0.609293
0.680897
0.689302
0.632241
0.621325
0.609293
0.596319
0.689302
0.689037
0.621325
0.632241
0.596319
0.610854
0.689037
0.680897
0.632241
0.632241
0.610854
0.596319
0.680897
0.689037
0.632241
0.632241
0.596319
0.597660
0.689037
0.680460
0.632241
0.642817
0.597660
0.610854
0.680460
0.680897
0.642817
0.632241
0.614313
0.613393
0.651376
0.661941
0.662843
0.653026
0.613393
0.599859
0.661941
0.661277
0.653026
0.662843
0.599859
0.614313
0.661277
0.651376
0.662843
0.662843
0.600668
0.599859
0.650661
0.661277
0.672242
0.662843
0.599859
0.585416
0.661277
0.659803
0.662843
0.672242
0.585416
0.600668
0.659803
0.650661
0.672242
0.672242
0.613393
0.598847
0.661941
0.671208
0.653026
0.653026
0.598847
0.599859
0.671208
0.661277
0.653026
0.662843
0.599859
0.613393
0.661277
0.661941
0.662843
0.653026
0.599859
0.598847
0.661277
0.671208
0.662843
0.653026
0.598847
0.584552
0.671208
0.669803
0.653026
0.662843
0.584552
0.599859
0.669803
0.661277
0.662843
0.662843
0.649166
0.650661
0.586121
0.600668
0.681198
0.672242
0.650661
0.639346
0.600668
0.601241
0.672242
0.681198
0.639346
0.649166
0.601241
0.586121
0.681198
0.681198
0.637883
0.639346
0.586638
0.601241
0.689690
0.681198
0.639346
0.627316
0.601241
0.601531
0.681198
0.689690
0.627316
0.637883
0.601531
0.586638
0.689690
0.689690
0.661277
0.651376
0.599859
0.614313
0.662843
0.662843
0.651376
0.650661
0.614313
0.600668
0.662843
0.672242
0.650661
0.661277
0.600668
0.599859
0.672242
0.662843
0.650661
0.651376
0.600668
0.614313
0.672242
0.662843
0.651376
0.640068
0.614313
0.614951
0.662843
0.672242
0.640068
0.650661
0.614951
0.600668
0.672242
0.672242
0.650661
0.640068
0.600668
0.614951
0.672242
0.672242
0.640068
0.639346
0.614951
0.601241
0.672242
0.681198
0.639346
0.650661
0.601241
0.600668
0.681198
0.672242
0.639346
0.640068
0.601241
0.614951
0.681198
0.672242
0.640068
0.628001
0.614951
0.615252
0.672242
0.681198
0.628001
0.639346
0.615252
0.601241
0.681198
0.681198
0.639346
0.628001
0.601241
0.615252
0.681198
0.681198
0.628001
0.627316
0.615252
0.601531
0.681198
0.689690
0.627316
0.639346
0.601531
0.601241
0.689690
0.681198
0.661941
0.651442
0.613393
0.627075
0.653026
0.653026
0.651442
0.651376
0.627075
0.614313
0.653026
0.662843
0.651376
0.661941
0.614313
0.613393
0.662843
0.653026
0.651376
0.651442
0.614313
0.627075
0.662843
0.653026
0.651442
0.640182
0.627075
0.627793
0.653026
0.662843
0.640182
0.651376
0.627793
0.614313
0.662843
0.662843
0.651376
0.640182
0.614313
0.627793
0.662843
0.662843
0.640182
0.640068
0.627793
0.614951
0.662843
0.672242
0.640068
0.651376
0.614951
0.614313
0.672242
0.662843
0.640068
0.640182
0.614951
0.627793
0.672242
0.662843
0.640182
0.628126
0.627793
0.628126
0.662843
0.672242
0.628126
0.640068
0.628126
0.614951
0.672242
0.672242
0.640068
0.628126
0.614951
0.628126
0.672242
0.672242
0.628126
0.628001
0.628126
0.615252
0.672242
0.681198
0.628001
0.640068
0.615252
0.614951
0.681198
0.672242
0.660235
0.658711
0.648677
0.658711
0.621325
0.610099
0.658711
0.648677
0.658711
0.660235
0.610099
0.621325
0.648677
0.660235
0.660235
0.648677
0.621325
0.621325
0.660235
0.648677
0.648677
0.660235
0.621325
0.621325
0.648677
0.650021
0.660235
0.650021
0.621325
0.632241
0.650021
0.660235
0.650021
0.648677
0.632241
0.621325
0.661924
0.650964
0.626031
0.638972
0.642817
0.642817
0.650964
0.651442
0.638972
0.627075
0.642817
0.653026
0.651442
0.661924
0.627075
0.626031
0.653026
0.642817
0.651442
0.650964
0.627075
0.638972
0.653026
0.642817
0.650964
0.639791
0.638972
0.639791
0.642817
0.653026
0.639791
0.651442
0.639791
0.627075
0.653026
0.653026
0.661329
0.650021
0.637788
0.650021
0.632241
0.632241
0.650021
0.650964
0.650021
0.638972
0.632241
0.642817
0.650964
0.661329
0.638972
0.637788
0.642817
0.632241
0.650964
0.650021
0.638972
0.650021
0.642817
0.632241
0.650021
0.638972
0.650021
0.650964
0.632241
0.642817
0.638972
0.650964
0.650964
0.638972
0.642817
0.642817
0.650964
0.638972
0.638972
0.650964
0.642817
0.642817
0.638972
0.639791
0.650964
0.639791
0.642817
0.653026
0.639791
0.650964
0.639791
0.638972
0.653026
0.642817
0.639791
0.638972
0.639791
0.650964
0.653026
0.642817
0.638972
0.627075
0.650964
0.651442
0.642817
0.653026
0.627075
0.639791
0.651442
0.639791
0.653026
0.653026
0.650021
0.637788
0.650021
0.661329
0.632241
0.632241
0.637788
0.638972
0.661329
0.650964
0.632241
0.642817
0.638972
0.650021
0.650964
0.650021
0.642817
0.632241
0.638972
0.626031
0.650964
0.661924
0.642817
0.642817
0.626031
0.627075
0.661924
0.651442
0.642817
0.653026
0.627075
0.638972
0.651442
0.650964
0.653026
0.642817
0.651442
0.639791
0.627075
0.639791
0.653026
0.653026
0.639791
0.640182
0.639791
0.627793
0.653026
0.662843
0.640182
0.651442
0.627793
0.627075
0.662843
0.653026
0.640182
0.639791
0.627793
0.639791
0.662843
0.653026
0.639791
0.627793
0.639791
0.640182
0.653026
0.662843
0.627793
0.640182
0.640182
0.627793
0.662843
0.662843
0.640182
0.627793
0.627793
0.640182
0.662843
0.662843
0.627793
0.628126
0.640182
0.628126
0.662843
0.672242
0.628126
0.640182
0.628126
0.627793
0.672242
0.662843
0.639791
0.627075
0.639791
0.651442
0.653026
0.653026
0.627075
0.627793
0.651442
0.640182
0.653026
0.662843
0.627793
0.639791
0.640182
0.639791
0.662843
0.653026
0.658711
0.656809
0.658711
0.667902
0.610099
0.598589
0.656809
0.646984
0.667902
0.669629
0.598589
0.610099
0.646984
0.658711
0.669629
0.658711
0.610099
0.610099
0.658711
0.646984
0.658711
0.669629
0.610099
0.610099
0.646984
0.648677
0.669629
0.660235
0.610099
0.621325
0.648677
0.658711
0.660235
0.658711
0.621325
0.610099
0.648677
0.646984
0.660235
0.669629
0.621325
0.610099
0.646984
0.636287
0.669629
0.670898
0.610099
0.621325
0.636287
0.648677
0.670898
0.660235
0.621325
0.621325
0.648677
0.636287
0.660235
0.670898
0.621325
0.621325
0.636287
0.637788
0.670898
0.661329
0.621325
0.632241
0.637788
0.648677
0.661329
0.660235
0.632241
0.621325
0.656809
0.654576
0.667902
0.676260
0.598589
0.586826
0.654576
0.644986
0.676260
0.678211
0.586826
0.598589
0.644986
0.656809
0.678211
0.667902
0.598589
0.598589
0.656809
0.644986
0.667902
0.678211
0.598589
0.598589
0.644986
0.646984
0.678211
0.669629
0.598589
0.610099
0.646984
0.656809
0.669629
0.667902
0.610099
0.598589
0.646984
0.644986
0.669629
0.678211
0.610099
0.598589
0.644986
0.634509
0.678211
0.679682
0.598589
0.610099
0.634509
0.646984
0.679682
0.669629
0.610099
0.610099
0.646984
0.634509
0.669629
0.679682
0.610099
0.610099
0.634509
0.636287
0.679682
0.670898
0.610099
0.621325
0.636287
0.646984
0.670898
0.669629
0.621325
0.610099
0.636287
0.634509
0.670898
0.679682
0.621325
0.610099
0.634509
0.623134
0.679682
0.680605
0.610099
0.621325
0.623134
0.636287
0.680605
0.670898
0.621325
0.621325
0.636287
0.623134
0.670898
0.680605
0.621325
0.621325
0.623134
0.624705
0.680605
0.671642
0.621325
0.632241
0.624705
0.636287
0.671642
0.670898
0.632241
0.621325
0.644986
0.642717
0.678211
0.685992
0.598589
0.586826
0.642717
0.632486
0.685992
0.687690
0.586826
0.598589
0.632486
0.644986
0.687690
0.678211
0.598589
0.598589
0.644986
0.632486
0.678211
0.687690
0.598589
0.598589
0.632486
0.634509
0.687690
0.679682
0.598589
0.610099
0.634509
0.644986
0.679682
0.678211
0.610099
0.598589
0.634509
0.632486
0.679682
0.687690
0.610099
0.598589
0.632486
0.621347
0.687690
0.688820
0.598589
0.610099
0.621347
0.634509
0.688820
0.679682
0.610099
0.610099
0.634509
0.621347
0.679682
0.688820
0.610099
0.610099
0.621347
0.623134
0.688820
0.680605
0.610099
0.621325
0.623134
0.634509
0.680605
0.679682
0.621325
0.610099
0.650021
0.648677
0.650021
0.660235
0.632241
0.621325
0.648677
0.637788
0.660235
0.661329
0.621325
0.632241
0.637788
0.650021
0.661329
0.650021
0.632241
0.632241
0.638972
0.637788
0.650964
0.661329
0.642817
0.632241
0.637788
0.626031
0.661329
0.661924
0.632241
0.642817
0.626031
0.638972
0.661924
0.650964
0.642817
0.642817
0.637788
0.636287
0.661329
0.670898
0.632241
0.621325
0.636287
0.624705
0.670898
0.671642
0.621325
0.632241
0.624705
0.637788
0.671642
0.661329
0.632241
0.632241
0.637788
0.624705
0.661329
0.671642
0.632241
0.632241
0.624705
0.626031
0.671642
0.661924
0.632241
0.642817
0.626031
0.637788
0.661924
0.661329
0.642817
0.632241
0.689302
0.688820
0.609293
0.621347
0.621325
0.610099
0.688820
0.680605
0.621347
0.623134
0.610099
0.621325
0.680605
0.689302
0.623134
0.609293
0.621325
0.621325
0.689302
0.680605
0.609293
0.623134
0.621325
0.621325
0.680605
0.680897
0.623134
0.610854
0.621325
0.632241
0.680897
0.689302
0.610854
0.609293
0.632241
0.621325
0.689037
0.689302
0.596319
0.609293
0.632241
0.621325
0.689302
0.680897
0.609293
0.610854
0.621325
0.632241
0.680897
0.689037
0.610854
0.596319
0.632241
0.632241
0.689037
0.680897
0.596319
0.610854
0.632241
0.632241
0.680897
0.680460
0.610854
0.597660
0.632241
0.642817
0.680460
0.689037
0.597660
0.596319
0.642817
0.632241
0.680460
0.680897
0.597660
0.610854
0.642817
0.632241
0.680897
0.671779
0.610854
0.612229
0.632241
0.642817
0.671779
0.680460
0.612229
0.597660
0.642817
0.642817
0.680460
0.671779
0.597660
0.612229
0.642817
0.642817
0.671779
0.671208
0.612229
0.598847
0.642817
0.653026
0.671208
0.680460
0.598847
0.597660
0.653026
0.642817
0.671208
0.671779
0.598847
0.612229
0.653026
0.642817
0.671779
0.661941
0.612229
0.613393
0.642817
0.653026
0.661941
0.671208
0.613393
0.598847
0.653026
0.653026
0.680897
0.680605
0.610854
0.623134
0.632241
0.621325
0.680605
0.671642
0.623134
0.624705
0.621325
0.632241
0.671642
0.680897
0.624705
0.610854
0.632241
0.632241
0.680897
0.671642
0.610854
0.624705
0.632241
0.632241
0.671642
0.671779
0.624705
0.612229
0.632241
0.642817
0.671779
0.680897
0.612229
0.610854
0.642817
0.632241
0.671779
0.671642
0.612229
0.624705
0.642817
0.632241
0.671642
0.661924
0.624705
0.626031
0.632241
0.642817
0.661924
0.671779
0.626031
0.612229
0.642817
0.642817
0.671779
0.661924
0.612229
0.626031
0.642817
0.642817
0.661924
0.661941
0.626031
0.613393
0.642817
0.653026
0.661941
0.671779
0.613393
0.612229
0.653026
0.642817
0.661941
0.661924
0.613393
0.626031
0.653026
0.642817
0.661924
0.651442
0.626031
0.627075
0.642817
0.653026
0.651442
0.661941
0.627075
0.613393
0.653026
0.653026
0.669803
0.671208
0.584552
0.598847
0.662843
0.653026
0.671208
0.661277
0.598847
0.599859
0.653026
0.662843
0.661277
0.669803
0.599859
0.584552
0.662843
0.662843
0.659803
0.661277
0.585416
0.599859
0.672242
0.662843
0.661277
0.650661
0.599859
0.600668
0.662843
0.672242
0.650661
0.659803
0.600668
0.585416
0.672242
0.672242
0.671208
0.661941
0.598847
0.613393
0.653026
0.653026
0.661941
0.661277
0.613393
0.599859
0.653026
0.662843
0.661277
0.671208
0.599859
0.598847
0.662843
0.653026
0.661277
0.661941
0.599859
0.613393
0.662843
0.653026
0.661941
0.651376
0.613393
0.614313
0.653026
0.662843
0.651376
0.661277
0.614313
0.599859
0.662843
0.662843
0.688820
0.687690
0.621347
0.632486
0.610099
0.598589
0.687690
0.679682
0.632486
0.634509
0.598589
0.610099
0.679682
0.688820
0.634509
0.621347
0.610099
0.610099
0.688820
0.679682
0.621347
0.634509
0.610099
0.610099
0.679682
0.680605
0.634509
0.623134
0.610099
0.621325
0.680605
0.688820
0.623134
0.621347
0.621325
0.610099
0.680605
0.679682
0.623134
0.634509
0.621325
0.610099
0.679682
0.670898
0.634509
0.636287
0.610099
0.621325
0.670898
0.680605
0.636287
0.623134
0.621325
0.621325
0.680605
0.670898
0.623134
0.636287
0.621325
0.621325
0.670898
0.671642
0.636287
0.624705
0.621325
0.632241
0.671642
0.680605
0.624705
0.623134
0.632241
0.621325
0.687690
0.685992
0.632486
0.642717
0.598589
0.586826
0.685992
0.678211
0.642717
0.644986
0.586826
0.598589
0.678211
0.687690
0.644986
0.632486
0.598589
0.598589
0.687690
0.678211
0.632486
0.644986
0.598589
0.598589
0.678211
0.679682
0.644986
0.634509
0.598589
0.610099
0.679682
0.687690
0.634509
0.632486
0.610099
0.598589
0.679682
0.678211
0.634509
0.644986
0.610099
0.598589
0.678211
0.669629
0.644986
0.646984
0.598589
0.610099
0.669629
0.679682
0.646984
0.634509
0.610099
0.610099
0.679682
0.669629
0.634509
0.646984
0.610099
0.610099
0.669629
0.670898
0.646984
0.636287
0.610099
0.621325
0.670898
0.679682
0.636287
0.634509
0.621325
0.610099
0.670898
0.669629
0.636287
0.646984
0.621325
0.610099
0.669629
0.660235
0.646984
0.648677
0.610099
0.621325
0.660235
0.670898
0.648677
0.636287
0.621325
0.621325
0.670898
0.660235
0.636287
0.648677
0.621325
0.621325
0.660235
0.661329
0.648677
0.637788
0.621325
0.632241
0.661329
0.670898
0.637788
0.636287
0.632241
0.621325
0.678211
0.676260
0.644986
0.654576
0.598589
0.586826
0.676260
0.667902
0.654576
0.656809
0.586826
0.598589
0.667902
0.678211
0.656809
0.644986
0.598589
0.598589
0.678211
0.667902
0.644986
0.656809
0.598589
0.598589
0.667902
0.669629
0.656809
0.646984
0.598589
0.610099
0.669629
0.678211
0.646984
0.644986
0.610099
0.598589
0.669629
0.667902
0.646984
0.656809
0.610099
0.598589
0.667902
0.658711
0.656809
0.658711
0.598589
0.610099
0.658711
0.669629
0.658711
0.646984
0.610099
0.610099
0.669629
0.658711
0.646984
0.658711
0.610099
0.610099
0.658711
0.660235
0.658711
0.648677
0.610099
0.621325
0.660235
0.669629
0.648677
0.646984
0.621325
0.610099
0.671642
0.670898
0.624705
0.636287
0.632241
0.621325
0.670898
0.661329
0.636287
0.637788
0.621325
0.632241
0.661329
0.671642
0.637788
0.624705
0.632241
0.632241
0.671642
0.661329
0.624705
0.637788
0.632241
0.632241
0.661329
0.661924
0.637788
0.626031
0.632241
0.642817
0.661924
0.671642
0.626031
0.624705
0.642817
0.632241
0.661924
0.661329
0.626031
0.637788
0.642817
0.632241
0.661329
0.650964
0.637788
0.638972
0.632241
0.642817
0.650964
0.661924
0.638972
0.626031
0.642817
0.642817
0.661329
0.660235
0.637788
0.648677
0.632241
0.621325
0.660235
0.650021
0.648677
0.650021
0.621325
0.632241
0.650021
0.661329
0.650021
0.637788
0.632241
0.632241
0.667902
0.665773
0.656809
0.665773
0.598589
0.586826
0.665773
0.656809
0.665773
0.667902
0.586826
0.598589
0.656809
0.667902
0.667902
0.656809
0.598589
0.598589
0.667902
0.656809
0.656809
0.667902
0.598589
0.598589
0.656809
0.658711
0.667902
0.658711
0.598589
0.610099
0.658711
0.667902
0.658711
0.656809
0.610099
0.598589
