0.626462
0.626561
0.649617
0.649736
0.655175
0.655305
0.625692
0.625737
0.650846
0.650900
0.654633
0.654692
0.625692
0.625732
0.651970
0.652023
0.653559
0.653612
0.626224
0.626343
0.653576
0.653731
0.651466
0.651613
0.625532
0.625599
0.655178
0.655265
0.650335
0.650417
0.651970
0.652023
0.625692
0.625732
0.653559
0.653612
0.650846
0.650900
0.625692
0.625737
0.654633
0.654692
0.649617
0.649736
0.626462
0.626561
0.655175
0.655305
0.651709
0.651770
0.654059
0.654120
0.625195
0.625245
0.651824
0.652582
0.651982
0.652741
0.627608
0.628225
0.654174
0.654232
0.649632
0.649691
0.627608
0.627656
0.654488
0.655040
0.632766
0.633234
0.644659
0.645178
0.652885
0.653855
0.630881
0.631702
0.648062
0.648974
0.647399
0.649476
0.635279
0.637183
0.649623
0.651744
0.654174
0.654732
0.643890
0.644406
0.633968
0.634458
0.652411
0.653467
0.642453
0.643429
0.637494
0.638419
0.646652
0.648681
0.646652
0.648681
0.639292
0.641231
0.643242
0.645201
0.643242
0.645201
0.646220
0.648207
0.635279
0.637183
0.647399
0.649476
0.649623
0.651744
0.644091
0.645145
0.652411
0.653552
0.635766
0.636766
0.640207
0.640645
0.654488
0.654962
0.637494
0.637909
0.632926
0.633789
0.652885
0.653905
0.646220
0.647179
0.628801
0.629226
0.654647
0.655149
0.648062
0.648534
0.646326
0.646982
0.631392
0.631993
0.654101
0.654809
0.642485
0.642925
0.634318
0.634721
0.655175
0.655651
0.638520
0.638730
0.638520
0.638730
0.655175
0.655424
0.634239
0.634840
0.643717
0.644373
0.654101
0.654809
0.630079
0.630483
0.646369
0.646809
0.655175
0.655651
0.647501
0.648165
0.654174
0.654891
0.630022
0.630612
0.636690
0.637146
0.654488
0.655027
0.641019
0.641496
0.654647
0.654777
0.626224
0.626323
0.650335
0.650458
0.653576
0.653688
0.625692
0.625778
0.651896
0.652003
0.654488
0.655027
0.636690
0.637146
0.641019
0.641496
0.654174
0.654891
0.647501
0.648165
0.630022
0.630612
